98356
2322
58973
63187
66386
65620
87387
72423
32000
74215
30722
7081
16811
30875
52608
82366
41896
87112
58761
75035
31209
13779
40856
8041
9469
69768
69410
58006
50983
39591
29920
32752
42387
15095
32108
70543
78978
20577
9946
15698
19740
42812
10008
40703
78648
19864
46876
97463
92835
74071
71656
23108
3284
45826
91625
57775
87608
7660
95044
46952
35542
51912
73150
79486
89993
83072
93462
95575
28767
86463
74947
1362
79609
54317
91748
90378
31713
94912
16958
7825
33472
92057
40792
84326
23120
42069
70449
41903
95538
21478
34478
79351
95325
78801
9838
45192
23138
10581
32198
21934
56851
60709
99395
78580
7075
9910
52465
48904
40231
22759
54603
83040
63997
76615
98953
44096
94075
62434
49785
20883
22906
36394
27793
89210
31919
1286
7792
8589
82079
44921
27576
21283
49460
536
60882
38877
69510
98542
88663
13501
85207
23343
64221
97495
69236
4836
36774
4994
29443
17787
3174
24974
12462
61719
66502
14908
12831
10192
87252
85490
10458
89022
73598
40587
44846
56271
99061
7105
30439
77785
36180
34027
23217
88078
40209
36892
48434
55972
8572
58314
15276
64401
79782
19400
81054
49164
63078
43310
48271
41310
20840
29620
18403
35666
68029
17164
15580
79071
44157
46730
58568
71812
64767
81407
59924
12827
42113
58518
35585
47179
503
29
16737
905
19484
35255
35821
49437
49190
56661
9396
90757
8319
73917
94156
11269
9806
51403
45943
22753
1478
56656
7768
27754
20107
65977
55423
39449
70792
20048
48938
99477
68859
44564
30893
73032
65758
94547
16454
66376
39544
12349
29710
49206
87926
58724
26484
59797
50044
49920
86375
39459
30906
72173
73302
53473
25918
55181
63953
70565
20939
14408
26223
69455
91585
67267
61369
54188
97027
23727
34729
74775
9086
12421
11103
91900
76102
28034
5871
28807
21496
18516
56071
76537
1428
78621
36749
21787
65549
68000
79084
57826
31694
7623
5029
36818
60457
31409
96178
96418
92616
97894
73843
25145
46097
96912
12746
56980
55273
98665
46743
40326
12921
42141
96287
71844
22453
80991
66392
5907
58184
230
52564
31629
43676
11756
12555
87115
68932
15995
9716
91422
11066
49023
63193
91880
21778
74364
43824
70601
33861
99026
74695
35467
88288
52715
58492
64283
83032
85016
9386
28719
93381
59445
6139
35703
63064
32293
808
54943
35021
41677
27261
90584
44655
73884
45473
59828
27941
65333
68302
17976
10819
9769
49731
94369
44366
13007
71817
70506
97952
16077
77643
48978
69476
18916
49987
78455
32250
64453
45624
7890
88098
8213
61482
23078
97573
84255
70918
35640
14971
79181
91766
29044
66631
14154
50731
50430
24578
24354
95940
44135
10739
87621
6844
33974
85962
71142
15556
79923
54042
82906
83706
38035
20242
12761
88243
88875
24175
90032
48604
35008
38860
46870
81435
12309
61243
42282
59296
31997
32485
67374
99667
38298
54955
78272
86831
91349
55798
54874
60824
49985
58954
99494
29204
28061
29869
19261
5002
83697
47845
39205
81702
37194
12698
80909
93499
13245
42172
41873
44664
33396
32465
376
89999
18077
39698
62808
35591
54242
83496
66441
854
75195
85834
34107
39217
69595
91311
63650
78222
98216
3968
18756
45119
77444
38787
18396
61612
54575
41228
67341
84521
90751
73563
61269
88038
59621
1756
18879
72341
32556
85076
39987
57835
20889
86084
28210
94430
872
33690
55067
72529
91885
59341
80186
3489
51689
40341
90751
360
50927
49087
94749
44205
69230
23243
21782
53488
57101
99737
94276
67224
87323
69103
84474
67975
96683
1394
65649
58727
22922
27443
24251
34572
49512
42958
45657
14120
45602
3813
12426
24165
82878
67406
44195
5110
79141
82107
26786
76836
54479
43464
36798
26039
83834
92391
10198
23032
35238
92777
1901
583
85833
76145
65859
35960
9577
42885
68491
63327
64560
8409
51601
48362
71373
31244
20883
65985
29976
78070
73439
51383
77191
97349
55519
49478
38654
34867
47590
43428
62372
38454
64747
64661
23145
47467
9759
53988
4864
2747
78243
97595
6100
75496
38032
22185
36792
81409
66343
24693
5649
48569
78029
73318
91377
75645
44697
46093
12602
8277
26845
71957
37741
1781
72935
1583
2782
56046
97291
4384
70861
65948
49958
59476
9829
23493
37085
56922
47753
96986
49372
67198
60673
83949
49582
34243
9219
7121
14770
37547
23442
14898
20717
53537
13186
775
38783
7171
99933
62126
46745
90509
3708
12221
83903
84634
34534
10661
47459
66917
27792
13006
10595
64343
23497
82397
33343
7620
8350
6969
43825
62660
3239
30778
18399
79331
38527
83291
54386
30404
26358
22104
87672
58687
64409
18808
95884
70202
52162
84535
80264
41379
62622
73942
1793
82738
49365
93921
10650
3831
27052
70658
75148
5853
31245
87757
59404
21295
56952
74866
36253
80913
67877
57097
12171
33835
54348
30138
53914
4981
26970
97512
60289
52923
7138
27413
31692
82936
72518
60574
11952
13127
35371
37383
54492
14562
55072
51595
22198
26003
46579
26020
69477
2113
95454
72290
15298
31747
96823
434
21141
19937
29831
86116
64291
78089
77267
42714
74066
79289
31527
552
21444
72018
86020
54302
30103
54323
45134
82890
56247
45771
99038
26541
93676
66483
67742
8327
83206
91790
36067
90902
93756
21140
79994
62065
89056
15888
58010
17900
43244
25092
81993
32016
75218
49857
91265
20204
33040
40957
39411
13117
2356
56577
94566
62
71835
93737
86207
31857
61853
3755
30927
42422
46041
93550
15381
23941
73632
61170
12354
4724
87130
85295
32851
31678
9193
86022
60796
17271
1720
16252
15314
57578
87917
75537
14990
48545
74576
44449
2232
48305
24877
9101
75041
25816
88445
72735
82895
37773
28883
40895
91944
67575
82028
3900
29261
87202
95975
42883
78041
95228
91325
3817
21391
75498
34423
5341
69271
21139
59452
64767
8061
89908
72897
56050
65309
12942
65796
63049
4775
55909
98367
37774
93094
78704
39492
66321
76968
52752
38929
56065
74359
67541
18914
71935
12180
6152
18595
17346
1456
4672
60343
14147
15838
61100
22528
84430
51740
31464
6542
4600
47384
26839
59441
6140
26477
65491
79007
38817
12083
74568
92016
28934
67081
42769
78483
8026
34747
65517
46090
1969
55500
2107
43792
14502
98847
5699
50017
33675
24396
67676
234
69267
59515
57447
86506
80262
80078
50654
95369
39036
75872
54068
50675
63450
58053
82193
61027
83408
29716
49162
93790
87485
49655
75561
32910
51513
75594
27366
93102
38198
44718
69986
35162
34004
87810
25727
89056
80118
484
91854
44330
81501
55012
89180
58625
87574
18913
53402
73436
597
26990
80632
42118
54479
88785
91447
41144
12367
36801
32
78956
33970
53578
58508
40780
5189
53584
29569
50728
37804
24136
49604
35864
9163
17720
75256
30176
80024
17323
845
92671
47514
37020
51705
20058
26183
20755
51831
30696
43393
94515
91677
64033
28148
91313
65607
19859
8477
62577
49155
17710
8427
58615
31162
32595
24487
21040
50135
49806
43100
68729
65175
18917
40643
8469
50504
12158
46716
76092
53876
28656
38951
50390
94831
67071
18114
13618
76678
29181
66543
82801
90547
56921
66857
51021
10668
5879
94753
31007
84094
98705
43507
67630
2754
76166
96807
14448
20807
60543
61728
93703
33401
95446
51451
30187
40946
79645
53552
6591
71707
55138
20770
71517
67390
8197
24823
91448
10544
91212
30978
1700
6540
46916
35970
21447
24022
80106
57468
5085
58808
18444
88397
85717
48996
29009
81955
75006
26955
54170
32360
61201
90165
35795
91011
88972
7223
16425
27947
41035
7658
79848
26313
64628
24540
96426
42719
32949
51881
80606
77331
87918
7605
12068
46278
29639
81391
66582
74477
55218
5894
70514
36149
62084
22643
46067
27167
57094
73048
52758
81800
85596
33139
53629
17151
95310
10200
76204
55450
48247
33563
91371
29454
9632
85882
84390
8093
70792
37078
36252
35352
89125
17696
5833
31921
74863
51533
71618
39390
179
26982
60380
36072
19500
79757
26071
67345
7599
5810
10442
92734
93226
15032
66105
20861
35572
58572
71601
20650
19989
19898
49638
17096
98950
85920
73377
5951
56840
36514
7026
63861
23361
8158
14242
17965
95531
58931
561
95538
36936
97100
36133
1033
11559
63818
50782
94324
51160
15580
92845
63114
85818
97479
65127
61464
61865
91428
91174
33030
88489
67164
93327
49043
57637
31472
2432
77186
79014
6668
67369
33267
96481
59054
39632
94964
29509
71534
95994
23087
5266
10919
30501
20200
64223
13828
73591
68110
75521
83248
77019
9661
42929
98648
74474
43623
47072
71558
25505
36141
67933
72414
46175
97337
82682
46675
31337
55279
19291
97303
39407
99060
53828
17885
64142
40618
89748
48112
85447
22979
19607
71942
17919
20445
96368
87816
37894
77169
89060
52677
56889
96700
30659
36864
89290
55056
53321
80193
39193
9305
12566
39790
79431
88081
85690
70979
78001
97866
80354
67313
23484
14411
19788
74028
23717
61131
3223
82748
42981
9180
69912
45165
94110
43816
34276
20297
78111
95574
61827
88116
64913
17344
78225
64432
57654
88902
81723
46736
34422
1298
37461
76161
43132
24335
39586
69403
69930
25725
17166
84294
98712
17783
75695
58218
41347
68287
8966
19478
50725
54531
77813
95108
20063
81368
25568
54265
17467
51053
64075
54066
62427
24389
75640
27541
84122
98255
86189
38624
31403
63208
67447
84531
89595
32586
1126
32477
86159
84264
5578
66269
8707
5920
43927
24278
12131
8052
80094
79104
80534
51282
23432
72889
98276
46635
92851
23596
76716
87426
43768
96743
34803
58050
84572
31767
63963
74072
80577
34566
16590
4459
12475
81657
75133
12766
82160
99173
75189
78019
9417
24062
7777
95497
15627
53606
86256
89161
59698
24031
96878
68010
83505
55870
17128
69066
74444
37212
81255
39681
85913
1798
66694
34771
80279
41429
92257
86593
20267
87455
7295
19097
17704
50449
87150
7004
6065
65850
14262
49578
21482
25625
50324
2015
97203
52533
33087
67968
57590
53061
7054
11543
24717
73181
67948
14860
51241
2377
74577
61199
64991
89508
90385
27383
11239
63641
1050
35239
88629
57002
24189
90119
26177
95363
446
38070
4264
70409
93868
10022
42500
62937
74384
26093
73663
36771
63548
77043
1325
37239
91246
56872
34027
5515
13384
15391
65837
40751
51332
84181
19052
32345
58054
92540
31862
55237
71641
94452
93760
57545
90935
5959
67842
27370
42269
75460
15054
58845
65804
9101
54456
61987
35644
85236
1232
29284
97928
22025
86119
40604
76847
70695
30477
82267
58663
36282
45616
10507
81497
1266
24381
28933
8582
3644
77432
92383
2118
50792
26336
55522
289
69560
29657
14064
11308
77957
88334
58194
16049
70383
82511
85055
89864
50628
51664
1914
5811
73744
80183
35719
56817
95347
13606
75396
11854
78773
39488
52535
42995
75226
78369
28768
76920
63829
6858
87492
18270
95190
76599
73811
69060
60400
54420
87423
3020
79438
74834
10817
33793
50182
29463
81420
7777
98690
33081
14651
24127
62967
15563
75611
48775
13798
40427
9931
68452
30382
93521
74651
23144
76762
13400
83585
51504
85125
75515
41946
88733
25533
53463
95476
2393
53020
85633
71684
6460
48908
10949
18475
67590
95540
7654
77483
30778
18951
63421
39180
96252
73286
55263
60397
2937
83724
32994
62
17801
3407
34471
17517
1390
13573
65825
22202
2458
59777
44600
46069
69732
31422
23939
96941
81273
56359
74354
13528
32620
25399
64291
39098
68712
97485
1928
81815
91087
47290
451
78056
6489
23649
80362
16027
99590
93497
59482
37336
9746
14021
56176
76531
11807
52681
42177
1628
73158
83385
42918
46487
86756
68908
30112
45577
36058
82637
92028
51054
41071
78619
62416
64483
19022
35750
88090
76475
49732
73152
86669
28201
15804
42341
36709
35284
76463
5321
37331
91708
51716
81725
86815
17034
1012
18109
19274
61644
5829
41486
57463
22351
45024
460
66705
79865
4152
54662
42535
60491
89735
8396
87282
11623
67053
97560
70901
60704
38682
20555
43039
94948
15389
55350
59982
41977
27732
72904
20031
90132
59405
18220
36263
14535
50700
87853
86154
33155
86717
21381
24715
81969
3802
74891
67991
91265
78492
95400
65286
50340
78653
62295
7854
67745
46187
84696
63182
82754
49226
2015
71917
22253
50619
33666
91657
24145
89195
77725
2355
59526
81756
91733
11880
68771
82130
72874
30696
5243
85620
60252
25284
58188
90815
27786
18667
61925
41289
39582
92591
94577
31961
83379
38691
98323
3655
39875
6991
39818
1205
13586
87725
1268
78615
32367
35860
43895
38503
30199
65473
8586
88450
89375
5087
31686
40033
27784
89323
55858
51974
65605
20042
78780
3755
8078
85915
67870
71480
85848
21047
39748
46965
17848
50160
11138
74856
6665
23349
72873
33379
77136
41308
87322
75917
78693
38255
97306
22892
92611
91159
40669
60600
91237
32868
54067
75422
71615
47997
43860
13666
65999
45857
85909
21974
97012
82213
92784
36313
91095
46853
75605
10404
5069
64210
26234
93935
82693
64111
27274
46748
57524
88095
90393
5317
96102
51151
17866
69264
11925
47278
48191
53559
8523
16742
73338
30262
37865
75908
1771
43326
75771
76601
98397
31419
5804
16268
88377
28838
19391
88608
25278
49576
68486
43151
33781
93000
83712
87297
45505
48260
25713
29149
51280
86349
26460
52345
65254
95106
98300
62922
68756
56815
41527
63759
87510
46338
72793
13155
28312
52046
60622
48800
8579
79426
5086
23496
81462
40320
5973
90427
90145
26323
92951
50091
29568
2410
61461
25822
54541
68810
88115
81503
71273
69723
75776
65353
8788
50770
60662
93612
18648
43861
58437
57862
42896
13124
61875
19999
97544
43317
59510
22438
38689
29234
98455
12345
90068
67401
95261
29827
86433
18875
35281
10999
19381
97649
78452
66155
7421
33874
74278
25497
48644
40433
28882
60983
66057
75635
33913
96621
86207
8076
57943
53456
66895
93928
96593
88261
63553
75597
81691
1867
4907
54963
77137
80110
35453
85148
45577
89949
17741
49464
33832
97891
82707
83404
72825
5541
67950
78930
17448
77924
11848
73260
84235
68223
73324
81042
89393
38255
11892
1730
24112
92590
2085
64679
38312
1138
84735
53395
93871
50665
11556
34725
86802
91903
54085
68263
4227
37625
36794
74144
71131
82215
20091
22192
56251
18614
31040
24411
51233
32718
23863
43391
82448
77927
18474
57939
23307
88746
21063
67355
75945
60137
60845
44303
21703
49761
24821
69893
65099
30315
94072
84803
4083
24462
7533
99607
79618
24770
67744
99289
52150
35307
8550
32684
82088
45159
86364
69937
85880
76565
25965
78779
66858
14886
41547
47105
13311
44008
11721
64469
56775
21291
71804
18735
77304
69743
23301
19971
3911
78020
75027
82440
80251
40309
99645
53491
86591
91473
19236
51623
98805
86848
35813
39296
85673
10190
64568
14374
89560
72417
2193
96059
20401
23510
29765
18748
24993
21680
22224
47264
39506
46298
30967
5329
22648
59532
77440
92796
15099
53298
99681
15215
54783
65316
40331
4868
24689
83494
37563
44865
83533
3426
34556
97538
52136
47270
37096
85529
66464
64580
50200
12077
20955
57239
64086
3671
96195
60653
61785
93522
21119
95828
60909
57493
63458
6914
2708
45492
46600
72840
51579
63192
76821
48604
70189
46238
95752
82742
85578
28646
17619
47355
83557
30914
34412
14466
10520
26796
87160
78356
35361
62064
82908
27053
46356
58297
64724
74329
13768
23757
21437
42794
8677
33980
4610
23497
10294
80526
22256
39454
9284
48449
57532
53120
52147
70505
77597
43362
5283
95620
91601
54302
27002
36760
97490
11308
68142
13193
43821
46133
79014
48716
45192
11849
13039
86140
39843
49930
17318
23262
8791
93713
53138
54457
87052
88092
3756
50912
51386
70622
24214
31020
75549
17609
65437
44082
26432
71493
52198
25306
87001
99298
46448
49682
82005
75031
1154
8582
72165
71151
45987
54580
28125
57334
19505
3355
49124
44910
63062
90546
81838
13423
75686
2465
78385
72096
48243
93565
7179
76676
41307
76698
47643
10304
82187
98473
97285
79310
64825
77341
8173
97354
50759
71619
12478
59367
13460
10100
94006
10988
4352
81240
54023
33279
55523
6068
6544
62953
19594
48741
54274
59315
86497
83796
37622
98484
32242
41845
74463
7034
88614
64379
30335
87091
68393
45042
69149
57604
32734
93019
30306
74331
55876
89116
17605
62535
29928
60266
12090
23697
52542
76377
6598
86725
62862
55871
13179
26412
78590
46495
93023
22479
3181
67430
61319
14235
32235
94265
72690
13251
79780
32819
24857
33133
26789
42347
48714
20913
17746
33426
87959
82304
53621
42317
59659
82126
21307
81679
78342
71198
57146
8683
75219
84096
43505
3623
47584
63630
52293
71566
47724
37132
5304
6941
89315
79530
92987
99790
27887
28944
43425
34880
2463
48713
24900
45174
55217
21212
82846
99889
8977
64398
67501
11062
65398
49472
69582
66709
31523
65021
95960
24594
30827
83279
90617
39608
99504
1962
12276
79951
48025
10980
66964
68507
51285
24041
5315
36752
99872
80861
55750
98005
83988
50121
39426
14244
95286
26111
49900
67450
87675
79833
91339
51836
41188
75043
42487
81742
81767
83254
75751
13646
80414
13373
10179
19364
15244
11500
48582
32750
63399
40891
43416
27292
2568
68820
95341
93640
72412
77894
67792
15808
77588
73944
70134
94601
16855
59524
80048
6229
84189
87724
16518
92797
6884
96476
88623
6572
13678
27477
37682
35754
10877
28091
58778
8520
83665
95163
47108
81251
46936
5742
16178
57597
42686
59325
52438
64107
84579
17384
16875
85736
69901
11161
90502
24279
31021
27579
758
93555
44842
76441
66236
61885
76657
52239
29784
27990
1871
63712
27831
10197
58340
95985
73376
68579
4314
93995
30998
11799
12656
12459
22584
1771
61690
55404
79488
91966
52483
46106
16569
31528
12764
10304
30795
1178
19828
53319
97468
39840
53139
51479
34910
57881
11528
15493
72184
3093
18807
20577
73057
59319
20200
24546
44059
80704
30027
49592
54344
79020
77169
55243
63064
97162
82345
40381
9986
52208
88525
42970
48337
63779
78475
44765
33041
15430
77837
40193
65094
18963
29637
51851
59453
54469
61298
89348
53365
37515
30611
77923
72142
24986
46934
56105
97908
14701
55892
38581
76449
54232
42278
47771
91340
95642
99674
16009
9574
81614
80498
49422
2058
38598
29848
96832
91851
49912
87535
83592
51741
76063
69141
92006
98807
72139
63855
50984
13370
44907
61630
86905
17549
10541
54438
97722
99543
12019
15247
6648
48316
69724
54090
92017
2772
31560
79778
70068
90943
99626
75840
73157
30041
55770
33244
33584
89013
17393
14652
86263
78404
58147
16170
80876
51559
56615
13247
33353
16142
66617
73416
30682
78583
22998
24998
19136
67352
83274
11114
50306
28617
97324
18339
21950
47085
98563
14195
68000
77759
86955
15524
27142
12959
89998
64399
14851
28729
7577
37241
66806
92662
56457
39665
86190
52248
60876
70455
18927
99803
70022
72503
54632
58470
47511
10098
57107
32056
74605
86644
42692
31882
13976
55605
91865
17760
67658
34046
61765
31820
95423
31194
33733
56921
38980
53902
40590
27982
56794
78614
19838
58849
63323
60267
70560
100000
76262
10023
21341
40079
91345
3092
49018
52445
26814
65373
68749
25950
57401
81265
46213
50009
42969
36250
89498
25214
28996
9904
25069
68440
13930
35616
93844
83119
90304
53337
49802
76767
84100
54882
82320
97616
86616
68524
87068
18987
42862
78149
78034
33387
64268
58622
23943
22260
700
50559
6204
6498
7285
12590
92700
60172
16786
64466
64065
44931
88834
56852
81477
80931
63162
12146
51351
82369
62188
35383
5336
12306
21057
87436
54031
66917
53672
53868
8412
44804
63617
66825
21618
65071
54076
52464
56177
72214
17762
84423
49656
73535
6820
75422
27017
52948
58285
48457
23413
84783
37430
50728
69847
61233
39241
14767
29767
12683
17733
26091
16951
53505
76668
68591
10425
5286
89812
84292
91164
14197
4592
17034
82633
44772
99433
48104
81832
65243
39554
86652
1960
32092
7939
8290
31560
88391
58378
60380
71355
46344
23376
53684
98528
29281
65483
26779
25429
60170
72469
79934
28794
16583
6134
9852
32153
89060
93023
61320
96737
91815
50944
34938
1239
22747
47168
93922
30539
86626
30779
551
44339
52759
693
69270
5276
69515
35223
34412
36001
15902
4824
39356
22856
26981
61243
14734
83780
6929
53246
49110
37032
90633
13572
98924
4141
37710
77148
1790
74074
22715
88408
56844
17179
18442
30305
85333
21953
9116
35417
90574
10294
41567
46521
21827
46626
74253
41017
66169
73496
78885
67371
75494
9335
28007
12738
31832
1249
85424
24809
40547
10438
2157
43229
23015
92926
90350
35144
77283
86113
84040
28754
71762
53251
76563
86903
69557
26166
55983
6885
27626
24683
38893
85661
57526
7766
55370
60849
5304
11876
73475
50071
99501
62210
33302
2104
29271
23199
54086
57387
8039
85498
90890
31993
43100
43659
25607
35343
81623
41353
17298
32594
68974
11224
5677
93999
51018
27854
79402
87426
20384
99397
85991
1804
99117
73667
9678
51756
3992
30281
67600
66069
68803
72541
46589
6389
4742
77627
8058
21789
97770
98286
96200
82648
36688
75264
40633
79648
74382
76972
28291
27912
34895
65472
87383
96308
1392
17465
6336
88810
5708
41832
45475
77095
78345
984
91707
76223
12886
92619
5261
57968
7915
2926
68310
11335
13240
70631
7310
48153
14003
68964
63627
87218
23292
7160
7532
81355
46100
25987
44384
91946
21441
60564
78698
44182
74123
6818
3068
43910
23927
93186
913
19351
9829
33539
6329
46328
15617
73790
19572
84336
89938
58887
64215
57697
76176
2868
75080
85996
63746
68276
33672
24661
8471
7586
24146
25288
5878
35828
92550
63808
13740
61330
4360
49835
14366
54347
59362
39694
92532
52776
52583
83730
76839
75992
75250
30036
46347
31494
947
17448
81630
51938
85668
62433
80226
71111
70105
95132
73624
82060
45199
67575
85136
70300
9435
41256
34508
35474
5940
38802
83349
686
59251
30865
19054
38092
86585
60024
14239
98537
83272
27879
97758
22042
61739
29386
18415
75695
79443
68637
48585
68300
49726
79591
99465
24256
78671
59589
13385
425
15186
6031
57556
89973
66438
37823
10864
54444
95820
4681
77327
82626
16855
57994
34728
15058
14589
93465
2065
1581
84405
37022
3176
78307
28021
1592
64396
88209
72912
50890
61617
65956
57476
73991
85334
84637
46596
37556
49165
94418
63561
74767
3632
47374
46038
55731
89214
30484
17824
63997
60535
77099
88577
88470
18735
40278
78012
4334
10321
115
76915
17240
28003
44412
4162
11710
39165
68689
97093
75335
13076
85763
89419
30631
87724
474
206
58902
97777
25241
78743
92962
11565
92550
40160
82320
37617
85806
76544
7088
58225
53904
45291
75504
13325
34718
9465
52115
81615
78545
95934
59830
20312
54671
8441
42778
1657
91499
91945
76846
10009
31094
88205
10003
34358
23347
90919
48831
95433
72308
66383
73663
42838
60784
39548
53849
8375
8174
23558
42024
53512
2630
26608
60522
63907
17303
55200
72915
62797
71925
91899
77621
46332
13172
87626
38973
26060
31411
18496
67429
45413
3766
33144
96074
97891
78611
3652
74661
87453
16228
92746
67283
69856
97183
44737
98269
88556
90204
858
61704
90142
7446
1957
75206
54897
26193
78524
99555
35761
79269
77500
14724
16942
16736
15224
34534
10445
82715
85505
78273
77918
34654
37478
20873
67389
71885
91947
65026
28484
58335
31434
73038
70231
74674
17477
68732
84644
88791
48995
24498
80938
72596
70455
11628
59716
98058
15864
84180
75350
77804
67301
26105
18210
98722
10961
53623
10320
56045
51108
21480
49226
45110
86878
99467
22970
33100
64938
91871
76529
91170
34986
30365
60486
35692
18664
50018
38197
22174
84560
46818
9940
34150
64128
5242
37011
3340
21969
47005
76279
19027
53555
91143
30919
84379
56924
61674
57863
41023
95342
66417
65118
45299
52456
12999
7988
22493
37670
33690
63211
69003
51964
38353
16497
48039
56381
17453
4210
31800
27424
84765
84971
87239
82587
74257
14101
26485
69227
10
77072
16853
273
85303
55113
2614
27551
87993
47968
85334
70819
73094
46235
17677
55812
77425
98125
58576
20193
65797
79136
78502
12160
81742
5469
90731
44966
4232
98520
37992
63877
36919
19426
20211
14387
5523
11189
3229
71196
92280
84398
65829
12935
66315
36066
70922
81383
39307
50765
36916
95299
85708
96875
92722
70409
72905
86519
78760
27784
22778
61188
58259
93747
8180
66229
87647
73043
52328
10642
88844
42304
63256
85547
17814
89390
2926
18613
96429
46810
63599
23071
42172
68121
34011
4137
40423
42652
34941
85424
27536
64754
88125
11586
37121
58176
665
95333
2404
56803
20744
7405
20899
368
69219
27136
68076
59090
46365
8957
50984
50994
26415
73864
8209
39519
81449
29386
68039
83879
77022
51
32968
51665
23721
58303
22147
95944
55747
13196
96056
37949
21929
97577
33933
61318
62643
6558
50125
66571
81470
3927
92670
87464
56255
13287
95673
58325
37893
34800
49565
45798
10591
4322
72569
67334
63132
74824
19605
14090
89941
82600
14204
50186
88148
71441
57135
79878
25775
44846
71613
69847
84987
13084
3846
48894
41945
24155
89219
94957
45899
94293
86927
71874
70508
32260
78887
48894
73072
24565
706
64479
64253
33810
98107
30606
93817
43004
33684
4702
40137
20190
42930
30541
14388
88374
42889
43154
46771
33082
70490
45256
71285
11976
32167
24161
54037
40026
30783
81847
2929
87542
91194
11970
95518
85968
15119
77982
4024
29779
67752
78767
73872
33960
76161
27018
50303
50113
54535
82838
8172
87863
78177
10474
70900
47697
49738
74476
14509
88091
33792
63192
4494
31418
53774
804
30748
66107
98332
70740
24460
58456
19037
44482
20387
84813
65766
44066
7074
11317
37256
86393
28574
93896
44467
567
80973
81501
67002
73861
65636
91976
48068
45310
96867
1127
62175
50044
91786
69585
1357
62384
51639
27226
34877
64669
43767
18212
23808
28271
6119
92580
22568
31394
45194
60001
42831
33367
74639
49695
73569
76141
99304
74118
49020
23877
77917
84124
55689
23686
79938
94521
33778
2734
40645
10364
21681
57479
9523
43816
63784
73259
14612
37716
35589
9014
65609
55754
39317
90172
727
50498
86038
24215
62793
14497
78102
17718
52701
83133
81510
73374
22287
79196
67982
49153
51824
67332
57264
43228
14058
67520
53400
25164
86446
99392
81960
52549
88217
27055
50461
45580
63029
61581
9917
57561
53131
46362
18420
71483
92440
50473
91084
59666
75085
77093
64734
99605
1134
53395
22396
23996
20230
85190
38219
1698
17632
43187
796
81854
34031
9815
75860
89775
91140
75605
37228
8584
63672
78888
15399
21775
47562
34500
76614
72218
75140
49896
30648
93004
88077
71670
5140
7140
33882
79342
72015
1514
82754
89160
40700
646
11531
15530
47359
67992
38909
69748
76218
42583
95349
6529
7054
6780
21562
81891
48382
91039
26809
97671
55194
21846
89874
10063
80844
4782
78026
29370
56776
89448
90213
18705
78789
2764
85707
56504
25442
68810
12454
1265
99446
82242
26837
47967
53281
86039
42917
25181
56380
83998
8406
26870
58233
76447
58113
91135
89728
71819
17827
35865
73584
50617
82230
9998
66864
42868
31397
46892
76368
45012
84498
75664
19859
74901
67315
81395
57290
25834
8737
92065
10731
62428
4852
63696
53488
5421
9459
83452
62887
33252
14077
74170
94302
43471
47370
18836
75978
17075
36128
51215
53743
16277
99939
59352
45330
20891
79415
42976
5075
48041
5298
59184
29933
76260
32938
74605
40747
59201
43303
72182
4638
55106
25063
79187
40114
20447
29517
59588
14356
33092
6423
47301
89249
2681
36954
27129
6916
97640
35643
31247
94903
4777
90284
87092
73820
88409
92906
47732
90645
67838
23389
88969
1127
83679
30512
89351
67354
85933
19569
35775
88671
40516
26549
56251
50755
97297
28933
29429
41664
40201
39207
54999
20667
69440
1544
62012
27651
40416
12099
47693
12293
34387
22993
41200
41607
34359
2715
28879
25406
16306
25463
68955
43156
90537
77069
21426
75327
57822
73417
54910
56764
70124
3830
44024
83229
52193
92353
25186
87027
82070
19508
77230
15991
41083
79586
62985
636
49531
83824
70173
33085
69962
86996
2017
52040
64451
84348
68902
16265
35423
77724
8472
54021
83892
52763
59026
91612
39139
60423
744
57009
73049
54213
75503
68738
75186
32764
85432
36458
69372
41623
5546
345
17911
44207
15473
83213
39786
17846
33794
69045
82538
70301
53592
78348
86400
76899
98881
54331
18779
95801
12601
49331
39539
15229
4289
41139
47867
65934
21401
96631
91572
26489
9842
94794
53543
24372
16202
3038
89460
60543
10008
64087
75118
22891
99632
98256
24316
53061
51342
76744
96257
11647
6256
34941
73339
60383
84932
90481
75381
29549
34939
11811
50251
97311
23291
57920
94521
25626
85846
24281
48872
61210
38565
72844
62992
61604
18588
2713
57253
60872
63965
32289
32285
398
13654
83151
39737
76480
4776
40790
22720
69483
14983
33932
13288
49438
97484
21238
56739
43061
79130
32586
38213
76975
42350
12844
43362
32286
88539
24087
87550
87577
39691
22601
32254
11000
15881
24398
81392
53106
92854
87605
46739
42616
92269
61693
11094
15697
67715
76805
75153
38514
95783
25097
61415
84976
42484
13339
27187
29754
53986
7862
7848
9308
42202
64288
37310
41605
40878
94616
73722
50270
16652
58048
46159
30800
36561
83622
74296
51360
28638
77925
96983
19493
97252
60165
42859
72624
20545
89149
71434
67674
34013
64001
14626
40477
8012
37727
8147
63014
75235
9367
11540
90853
22481
63882
43899
21469
83690
51206
8741
81183
76602
35424
82755
90479
2893
93606
26344
58064
80438
20726
89003
48855
50584
75766
84491
5295
32024
7437
44763
50877
82719
10543
8991
37233
28903
18025
83304
59476
32556
44225
62601
90517
28303
33884
85478
20724
51890
99004
60302
91828
58246
70529
95253
64246
18360
89216
6522
41413
25927
70791
81269
90128
80173
59272
30545
32717
83575
73530
55615
97651
61718
86831
68187
8098
87458
57847
55875
20341
32125
56138
30168
12839
11893
33585
49088
64951
1075
61153
98405
22394
64116
37529
3808
65603
51927
33152
84244
86750
78018
72572
56695
74649
11954
90625
30881
41259
99851
69134
6573
21301
74269
18805
40224
93622
27878
95584
92092
63934
16403
27285
25785
59676
546
81773
31549
74797
65881
14352
1512
22244
3797
72256
61362
65340
24133
38435
79478
85752
40981
26679
63227
32928
58245
48120
28829
40618
89214
3590
11146
90892
9944
36235
78758
9156
3052
52347
35518
24924
13500
97208
8457
87145
99770
68270
61358
70994
29643
30879
52564
11342
74761
48529
47845
16110
52332
12637
55029
41178
8577
4909
25609
46400
15491
82194
96490
93461
13201
64565
85037
80528
56429
97485
88893
45762
57955
87219
33661
63509
27046
27976
66270
44968
7608
59691
52895
59968
82658
31840
96919
29175
40169
53131
95250
88131
69174
40970
99873
58171
82097
74249
95073
57665
20762
47734
96303
77414
19252
19499
21512
96593
90960
37760
28881
91995
28927
17212
85257
44414
42520
87135
32774
50555
49708
6181
46893
55160
43358
15715
56602
91130
69912
99915
70899
46438
72843
38994
1698
9796
15768
61096
49425
68326
10116
43418
47229
42557
42986
66318
5397
59580
71101
5466
9375
33056
1111
96882
94006
94641
66357
42812
65882
48986
85377
45186
43429
53766
66075
90446
58148
92338
14457
25871
69080
87261
42107
584
62536
28043
72692
86377
77233
49246
4180
31373
98691
58551
18601
27607
647
27763
17041
75659
51848
4036
38688
74438
55934
39879
74537
93464
28190
27573
52723
66741
40509
99598
9935
20257
58932
90525
33274
20439
78564
87200
79702
49635
88889
63614
26444
58316
78786
20151
95409
3539
31016
29963
93973
69284
80401
43579
81006
84768
40323
66455
16602
62829
77213
17867
59862
1967
94682
16635
55732
10871
66519
86969
31429
35135
75337
10790
15583
87737
50530
73607
77156
82695
15767
96575
90272
83245
9536
51834
