92586
95726
67697
36306
92763
57898
9413
80937
44697
49948
46100
6813
66934
46291
68840
85978
37144
66128
32417
91079
21507
65765
16128
89335
32400
89127
62539
84835
35456
47480
21664
70024
6171
12591
2562
64346
69067
31851
796
88045
42254
82211
82938
54530
79003
795
3838
86893
59174
53928
5551
8187
81618
69690
33837
64169
9179
36897
84861
38779
91340
30208
41890
12474
57107
50646
19015
65897
24050
10823
28531
45196
42890
24493
42358
11319
56343
96776
67931
30522
39231
25458
20587
13809
50966
13453
45873
68543
17082
18715
36573
86673
35805
18534
16427
79320
8913
50371
98941
47933
86268
43311
45190
17425
80148
5213
98303
14917
30912
35350
55589
42899
92971
33607
18193
10050
46397
3570
47975
64885
15655
83156
68591
36132
97384
5674
82092
77807
99476
18100
55031
78452
59811
32051
18678
22466
22277
76375
56019
21457
83556
85508
23351
64030
68625
56035
28350
71628
77226
74947
95093
83620
51934
95540
38113
49137
2953
55616
70634
68200
12903
74265
29570
22724
6647
23938
26076
56527
27182
3654
64547
69402
29278
78721
75184
84919
13884
77543
62183
95059
41979
60681
27358
53010
45643
37793
45880
1283
71077
77046
75205
10409
89252
93875
57942
93960
20327
48149
47269
60488
61600
75169
56736
82815
13709
80355
88087
37578
90265
58147
69038
24067
70500
22755
8464
24836
18132
6681
88478
56214
4861
77106
45684
34324
29356
74760
28049
81569
51498
40497
84278
96663
95738
29860
67219
69380
89164
71683
80373
12921
13159
54029
2740
73504
91610
97938
21513
89413
22674
15503
67637
18531
10233
99503
81794
48567
97652
76377
60502
53946
63413
94858
48438
24723
88472
57488
45997
37173
43906
43802
55771
84532
94195
5107
93959
66196
74804
30082
89809
56901
36077
1901
78775
11874
94065
137
36249
51841
5394
17830
23478
93708
64579
59548
5624
13610
92341
6518
75242
55485
43375
67608
89792
25217
62205
24331
43143
67423
74534
35221
11660
29658
2420
92223
54609
19552
23929
79567
43107
96168
81420
23650
19792
97638
13392
71111
8470
58837
42198
78910
55027
78467
17980
25819
27671
41399
15743
49955
59932
82504
59616
77277
43614
84677
78165
68953
16867
16309
9400
33552
86296
1835
60223
6159
75709
41763
98253
64876
73542
30127
28988
65052
21798
50559
47721
42005
99471
45416
46019
88215
29984
89746
3839
78696
71533
29494
49579
99726
80016
29723
77905
74067
39843
83570
69735
87888
39617
30671
11531
30975
20809
89433
33170
16547
75976
24353
59079
42746
15811
69254
38619
60592
19578
42406
46916
34008
27887
96475
66100
18507
54511
87898
72267
85078
22991
60758
34436
67724
27493
46893
66203
32928
76525
84975
46743
70808
26087
57749
56363
40078
97574
59853
10622
10586
68698
85989
79308
39658
86891
70029
58908
41916
96875
53141
99194
75297
50995
60973
52980
1396
17117
71713
95511
97019
8036
97231
92675
38728
95464
12420
74068
30826
89236
5667
48383
88792
74795
81838
78790
42672
80094
37724
43756
43074
30633
55441
53265
90657
87279
85440
95848
65790
16748
90417
6487
81073
15201
13350
42715
45388
92064
85405
41198
27340
87737
1620
62433
86846
17989
10142
10459
55027
48836
9824
42506
36996
51011
99715
69239
43739
55058
75733
52829
37177
1731
420
41881
91179
56067
63796
35881
78318
98852
58340
93467
98635
30486
18014
61446
50959
35713
28391
95474
35917
7804
37305
94165
39401
23200
23119
48060
68413
95103
59191
85737
36550
27470
72243
92314
5136
97147
98994
83722
67874
37911
69308
83750
10001
19359
18385
24865
78106
85790
84691
98009
49709
53358
60637
44542
96959
56693
67260
28114
74226
99635
13486
23540
9129
93195
83326
33973
94418
68586
9526
72486
1840
12851
75328
16322
9705
16886
45129
91881
33856
28104
90431
61188
10735
39616
39243
71672
83559
23854
99743
52031
57221
74927
48250
76570
7393
32108
88295
7158
15940
758
82044
82088
82415
96754
3283
14306
83048
81027
6170
31748
39736
95860
66595
33876
90357
89929
48964
47528
8194
79926
74222
13619
40993
29181
7775
91335
35583
70782
1202
96585
52525
90206
96362
44807
52430
2287
7643
44536
79531
14394
5904
34840
54649
75237
73305
21036
14386
8315
47173
25456
35761
4189
90964
46585
45571
8831
6430
67126
38291
59488
33739
48506
29807
38767
14470
24659
64062
98436
88585
5696
60919
44028
59334
27502
96142
44704
37762
23908
52335
9625
61111
39724
21766
19077
14600
51261
6974
99020
17025
91977
48086
99268
91946
38585
50511
66776
69679
52228
74944
76032
49003
72297
20904
47873
5686
50394
64851
17899
40532
94568
75098
24107
7707
97346
11815
41944
967
84155
61713
27169
93074
46059
32519
13513
77756
15614
28547
1863
88745
32735
29669
19667
13730
38172
38687
71245
39551
47147
4525
62375
75193
14253
46211
92671
3909
50070
64943
90863
2069
81876
56871
55869
86113
86036
31302
98183
57091
78814
15650
3899
78073
99216
61474
23302
25190
78787
62786
51066
59769
90740
1155
1456
3031
8780
76544
87587
85821
57938
3371
91360
61674
49355
99010
81839
64885
62042
17002
30485
36321
9900
13183
75006
13168
51214
85501
9849
34906
86292
88785
21026
7713
67386
4227
78476
21082
35152
49812
81621
93107
9848
41176
16878
98621
82132
55496
38983
74809
2844
12573
90202
45982
55262
98127
53078
11246
17212
16388
62349
10414
69200
18562
37986
43928
54904
34448
34524
9870
67943
57833
94083
5056
98777
40982
17835
36275
20838
75768
33053
15036
70951
96220
4916
40698
91228
33456
26578
44699
67365
86383
82732
82490
69411
74943
66350
94791
33633
40868
84019
28040
67700
84524
38457
32275
248
20662
58757
3182
91520
48853
61049
80236
81427
72654
7217
26002
39807
49100
851
77043
43303
39695
12316
68037
70165
44397
5823
28607
56795
436
23042
564
14432
60701
64861
61851
20463
31031
20891
79737
49490
68080
34484
91619
23100
1735
94582
36887
34264
51446
39126
15942
84577
28019
38937
16651
53060
27521
79118
42991
21980
27783
52861
32803
20347
29733
20670
40543
41457
44953
60029
22974
27458
9379
13013
38759
21266
58350
36528
38133
69582
45046
41423
20044
56297
33369
94792
80794
77441
11461
48982
42616
8472
49454
36110
35860
35041
92285
83131
35352
85086
38383
97783
45666
69337
32263
20638
26526
69265
83948
19008
4867
65709
50254
71241
61990
19574
33247
45717
5017
44448
41179
2037
9793
66666
99149
87537
72323
99388
49395
55356
74386
51808
40158
14819
76780
24910
98665
30124
1393
56628
87307
38916
92438
83170
75723
27226
49411
34745
79831
95700
2313
63199
94970
52888
12526
91523
78614
94675
76198
50971
86951
94419
93887
76108
44000
8621
47001
70166
26916
67667
54801
89329
18783
54731
42062
98970
31507
2328
86278
41891
80547
87234
20105
79887
20973
65844
51517
65959
21478
91831
28788
87876
70449
66048
62917
52804
20528
11434
96874
63429
22027
61070
49349
87711
63700
85920
84374
98989
41931
67987
1491
61763
93241
41951
67253
89317
63374
7379
85646
48826
54568
13306
78722
51299
98755
12595
47725
36595
41735
86977
98026
96482
7518
72097
55109
42531
88952
69947
84427
6863
63006
54630
33454
61878
98072
53500
36732
62270
80251
74584
51018
41653
64236
15539
23106
31778
19713
55173
81860
3068
17800
76416
28844
78804
22397
22400
22649
86151
98682
87026
48576
12405
76495
7879
94082
84245
16485
96774
31593
1207
43374
84606
31232
77096
69478
4627
58755
9057
91731
64998
78543
26068
31346
38712
69774
60416
30201
72334
79889
49919
89487
77197
49824
29508
38213
35573
53217
34131
92215
38579
9993
45240
97872
57877
89440
89596
93170
84010
18417
55848
32986
10463
13410
25448
51286
30822
89060
87359
86372
47694
60798
27888
99417
73575
70413
41325
42732
37913
14753
29508
43289
69183
62586
64650
40993
99836
99524
66202
5990
6603
19686
3427
27605
44064
83839
42261
80600
69503
9062
5650
41665
14887
8587
3093
27905
15245
10787
26599
24009
24703
2031
28370
75521
39426
52615
24907
97169
94770
13015
24419
56874
2433
42479
33906
56321
70070
1576
43424
60880
39116
68407
16524
34685
35761
78274
45270
80611
14307
23379
4546
15615
41452
28576
83773
4284
75720
81859
15509
69615
1971
62174
68504
52457
22551
32301
18082
21079
11234
2969
7217
27614
58627
79129
16013
59815
74885
69305
31250
87228
44580
12710
19941
30205
86949
34417
20303
67565
93455
47220
95140
9753
43742
94126
57322
72812
5228
65494
51853
27758
52350
78860
27569
44567
18638
73193
64789
4823
71589
78406
87099
8106
78607
57984
68267
27948
12218
59632
10653
37219
59182
49502
11134
94510
87008
72343
29206
7322
9322
19476
54029
3946
59920
70415
89037
73002
33603
30511
14806
14699
15498
14881
70057
47294
1483
3223
7571
76752
75140
53056
70010
75661
30719
22789
50380
85707
63755
6870
34156
47603
74662
81084
78945
30236
79647
55522
47998
49534
90598
51779
98479
22672
10640
32036
25869
83591
54291
77373
964
53669
48773
64937
83057
4915
56349
85854
8487
56632
17646
81753
78235
53611
52275
52437
95374
61673
94667
60294
72017
8674
90777
74368
96801
69761
68906
83405
47561
5698
45008
96292
58620
74097
23107
21963
2181
55416
51823
77757
21022
86797
47592
58695
7112
46401
18758
94845
31810
40072
89017
30712
13184
731
8355
73174
29168
25604
55827
85337
2209
3118
69235
68514
66874
91628
87233
31708
4425
77011
83484
18897
69432
16872
5149
27664
41208
8554
16364
48292
40381
99313
69443
16183
84016
48107
16804
66430
84906
42689
47500
32195
34196
69435
35748
42865
92431
3895
64470
81085
57969
64250
24885
53207
95775
89357
92708
65925
49528
40850
51130
48670
89270
59981
15787
8428
95971
36408
30993
97197
16363
50062
3221
65727
12124
97117
27035
41076
87719
77564
1956
5575
89300
10146
18697
99262
66522
3863
31824
92817
38038
98663
61262
83452
9658
97628
28034
6157
37412
18010
35395
37485
1995
61982
45352
44681
80848
89092
17132
84080
31815
60187
98063
88816
58321
75728
81605
96005
18495
25856
33593
41789
67733
98489
73048
29034
38141
81215
47291
45975
61167
11787
82443
37285
73996
3345
44638
13074
71136
82904
22499
11202
86153
51272
47867
60056
99852
91886
20959
89596
3356
57401
4833
9078
6118
294
98723
81305
97765
73183
999
55050
88677
13116
7183
20277
63350
16602
83944
66019
68879
57904
74831
3327
68676
35861
20536
44891
18431
14993
49458
81671
74371
5708
20454
82442
87409
28259
76068
33495
15068
7549
59395
99872
20527
81162
15381
53399
34728
83726
29536
51284
3308
18711
69487
23863
33368
70659
87123
70359
73995
18384
7865
62644
25466
53189
41929
12906
9241
28540
65081
10256
61148
31351
14848
13321
78790
62473
73673
82474
42028
71973
51139
32990
15980
4539
58021
42451
468
64230
64246
64143
51122
46934
38751
393
5979
40008
28580
11291
84853
42746
23990
82340
61311
78593
37596
37426
60843
2572
75118
56448
72202
91234
60451
55155
53809
57100
11822
81795
2090
40897
86367
66588
83480
17579
87746
96888
59509
74948
44523
1285
26466
20560
533
12973
97762
63787
70955
47234
98914
68808
74998
23164
5841
90948
98490
42097
36546
49483
16774
20475
21575
60041
13257
9607
73015
25990
80534
14427
20219
50956
72578
1288
86169
80851
40408
62287
17684
99988
82107
66070
9579
99428
46643
97155
94073
50522
86386
31771
77135
39270
54997
96003
80925
45222
83225
91685
93230
74389
39766
98284
13878
44842
54379
8987
43107
38076
86153
67932
77304
74579
52113
82799
60190
88656
65477
56353
49390
57299
61924
91752
71698
61797
44501
30643
81221
37169
10414
10712
52649
28684
98415
93470
10077
57096
94865
60554
68757
57207
70552
68902
7034
76571
72470
35613
32406
15924
75283
27127
51184
79014
41615
88899
34041
40623
43577
75796
87560
91061
21868
43120
72681
69594
32659
30200
39470
22632
24716
88243
46094
68118
84734
78854
40389
75613
94800
65532
39865
75034
21579
11808
21757
29148
44815
77237
20832
36672
75745
42263
49507
45698
21202
59434
48097
22253
68110
93552
30191
56328
45086
89285
26201
90818
5157
93129
92200
80349
91035
44625
82659
32886
33071
53660
77808
16014
56748
72626
41120
60752
35347
89318
40587
94791
1208
70927
32014
24841
93084
39258
66831
18768
58661
48123
96528
58058
58481
81320
50116
7620
85401
11741
92036
71539
63584
90789
60424
70523
90254
27358
81063
58627
89039
89849
67184
91861
90217
9136
80745
99621
11663
61176
42162
14139
67128
99178
5515
42613
84835
1164
51259
39991
11930
82947
83370
32309
65958
53854
66997
15462
53148
17426
52692
95841
97232
8945
67505
51483
37069
36920
7472
35169
6211
79528
30986
22780
12536
47743
80748
53322
90713
65372
93500
59686
61900
29564
2061
33502
15931
89423
42936
74975
10913
91132
26390
24175
7294
39175
39568
40622
91200
60795
41027
34872
97322
12725
87782
96579
41966
74490
45002
3284
77667
37036
13649
75490
82000
58264
77859
73110
91505
31005
40493
62399
69494
7171
47047
3446
22583
24836
7822
46494
14907
57437
82701
90973
62735
5633
56900
46299
76124
91490
20234
4133
9087
1359
93843
35576
15381
23191
16176
29210
19899
22952
59331
15177
74392
89207
14814
25619
81012
32223
22087
16197
41567
95994
60234
88722
89902
69397
70003
29643
84447
89049
75071
93473
6594
8632
34613
8998
21189
68909
64754
47066
36236
24263
4168
91963
66467
17778
56317
38584
42629
16602
36220
1947
43889
4588
97562
95581
66983
64797
69665
46723
39006
22424
58637
64071
99577
68527
55493
8753
41314
19378
28774
25824
45847
63891
43163
67278
94813
42877
93829
42139
56313
30312
23659
6338
8721
7241
39957
2616
61526
69877
50664
53633
74617
98575
52494
7806
1849
31912
71496
64341
37302
51057
30735
15527
89747
92597
69686
58599
24677
28108
76604
93206
816
80865
1772
1127
61286
35807
16835
65733
77052
25187
83533
11934
64697
8448
58242
31904
16461
11300
26859
15995
12123
50682
97469
82095
31534
75187
91178
88511
65560
44715
80795
83513
27001
15995
52082
894
22463
86679
66724
64598
10067
792
62570
36752
21532
76607
15294
10507
36393
99623
99343
94673
41991
60534
79530
24860
30125
96195
49251
73013
66635
76082
54872
94665
94986
97712
49596
71153
2258
84397
18012
5884
44715
71202
13826
44075
88854
7522
91445
60245
42968
49431
25050
93128
59970
39890
92944
5542
33892
42613
95095
43850
87143
45701
31930
6308
10098
36964
35548
9827
78195
12869
44632
68335
89258
18283
96436
43251
78593
79822
39956
18505
82415
81249
47390
55220
14646
29188
4097
3659
92251
99888
31230
77649
67483
82013
29228
32110
46662
31245
88048
61387
86964
90115
97886
26677
93725
4458
43841
51391
59395
99057
72141
31009
99152
64032
79458
87340
49497
29471
20600
55130
75313
34625
3910
80315
77779
13612
24045
26849
43860
15119
22852
89690
18611
25761
50013
66993
20834
27066
11337
44789
50769
93478
19138
41280
85869
26034
37281
26684
11666
2487
28350
12005
6032
32570
49737
80958
72612
68166
49524
98665
57329
7787
10887
60014
41442
2086
27461
67138
28287
90839
57812
67632
70154
80575
92088
39851
32560
78083
78571
67657
71825
87437
59991
71234
46522
8860
96944
84590
6960
25125
14953
85653
71400
9485
6637
99140
11233
73962
68897
69324
14145
78294
67640
90163
56565
58634
16066
81457
60514
8754
61704
89170
83224
51873
33349
99078
41941
86299
14372
59734
88282
87670
50554
29506
56718
67073
73102
81171
49944
21586
17459
73416
38548
26464
16266
74259
93343
58806
22959
43286
37022
80755
95768
25914
38138
31975
91756
94541
84243
17753
33305
97248
42038
30839
47199
3079
20206
36119
91457
17587
4288
30000
11681
36539
10252
65318
50692
11328
96601
7849
96350
2003
2688
93521
25261
77068
59743
93261
85133
73204
44806
75202
43908
73170
57879
2070
43597
98270
76680
64937
81873
14192
43481
4770
51459
15195
80715
84360
88186
61513
14722
79681
80016
43252
75575
15512
52115
12313
8909
79335
98163
94080
54954
54898
13478
65478
86819
4285
92826
78501
41147
62194
15758
63612
99334
27071
86041
20331
94535
96450
69167
56944
53520
10623
23177
48288
9877
45706
61008
68164
58000
40412
92223
59779
65028
55916
22707
12484
74655
9341
37691
89713
53721
67878
19033
3516
73506
31218
5698
4298
20595
20942
79743
42621
89491
7353
28885
57783
41108
13157
97580
74231
70537
45664
48860
14163
73763
38532
86298
63614
80389
97377
38394
24732
37011
77477
97254
41815
60120
92716
78363
27259
78229
11655
81252
59330
72870
50248
86566
20494
3820
8068
54518
7744
33116
42889
35357
23880
74122
14983
33039
26734
20899
72019
49270
9469
96807
42644
51678
35063
65530
84997
83322
84905
49124
90864
17600
78692
35318
9059
6334
17261
42072
60691
44628
77565
26862
88736
35395
67492
84803
30411
30334
65137
31049
57832
17339
52279
66291
32321
47852
45204
50886
70712
46674
15869
6194
97058
9521
99638
15368
14809
21025
31400
22912
95597
93091
40000
43900
12719
51035
95617
16767
56083
87871
13481
36003
59074
25731
5032
51203
18103
23365
82751
70179
75250
71864
7399
9104
82003
91173
85420
3606
10581
67612
66732
8689
63984
81636
52144
4010
34574
9760
27729
97005
20730
7682
3063
98932
76463
49289
51979
38507
61727
85313
17326
98128
83237
87673
57539
81815
95318
10216
36824
52712
14914
17612
9107
93622
53191
21832
12338
55861
67222
32208
26475
11290
56424
38962
42553
93111
17173
12538
12036
69737
63151
36792
88967
59095
41617
49176
1911
65755
77981
96549
69894
5286
49120
4094
16184
79301
38093
48238
63153
40
18091
13026
3262
97592
49164
80937
66122
92179
69573
21317
92791
32942
6067
19408
9694
63109
21706
86277
4068
51875
25393
35245
46142
89591
87890
419
6232
93066
63952
31212
64478
37363
92713
5467
38827
98833
75825
59274
70617
8233
92269
44629
31399
58993
47852
92497
66962
7627
85048
86184
30957
891
21166
55523
5060
63702
25942
71315
7244
46646
42513
96040
8713
29604
75521
46161
41398
56367
86178
16279
50570
47212
73937
29964
49598
48400
64549
77411
6481
5820
30290
16088
65199
98016
59540
53202
64298
23928
9488
62749
43017
23649
44559
14015
59561
4109
15653
61861
88945
65864
77094
58180
45060
4595
13105
96951
36105
88094
98995
81725
96064
8145
1821
95293
63184
9240
54652
37752
14416
23766
4859
71476
1138
42105
90942
50344
23313
47995
87004
6132
62406
32780
98880
57215
70704
61825
38166
7796
78536
29570
57747
22584
30489
38789
59251
49142
29495
97012
87173
5798
31304
85283
25691
74329
5158
97296
17522
56122
38880
10272
79091
5962
99176
14143
23660
57258
1194
8368
39354
29239
51348
12329
82777
28519
14560
23945
2061
75443
72651
33741
30841
57929
48757
21749
23277
30519
17389
6476
6503
56466
5688
12072
6674
78482
31220
55097
72919
52286
39186
53695
21188
37777
92204
35017
66069
45602
5440
46828
71995
7854
98757
95188
44792
7695
3925
38487
3976
89511
32894
55467
34865
6877
57165
41563
287
54440
22315
30986
41590
82750
75896
96439
84349
73380
18494
93532
5212
69287
84321
32376
95049
42460
24864
97775
27941
87284
34952
22545
33469
28911
85439
65978
93385
23382
87051
97692
66802
40720
49924
35883
98585
25392
2544
89957
25694
90963
23921
77267
34904
68889
38514
44798
81002
15745
39795
85425
47875
60074
57210
97219
59079
44276
32809
96998
67419
7712
93758
44791
59489
16872
26629
34326
60330
44817
56051
18133
29524
40181
68138
77087
15360
44734
40268
19983
41
94182
11306
5779
27448
27156
91799
63602
41402
86537
29888
79469
28644
89068
83707
29394
79321
24575
65012
74062
35590
58020
22601
73449
62663
3392
1424
75005
41709
22635
83526
23051
94962
47753
25937
23813
67379
59152
32726
59127
96376
94233
14748
17305
86454
33819
63272
95388
45434
95720
77968
40115
98597
55439
69521
69698
74653
92741
83956
59182
92420
6871
12880
62625
95292
23101
80417
54382
38121
63130
1015
53047
65957
27446
10359
79721
43225
75122
51742
58321
13954
38527
58067
41131
89521
3035
43708
30379
83938
47815
87235
92314
64149
4819
13110
69454
96188
94051
6770
21816
9355
84705
19641
68078
18772
25342
39289
76728
139
63209
71222
68329
49807
30001
27919
44346
24961
27980
45279
25375
90522
52890
9588
38916
90855
6791
4922
17202
36603
67550
19055
16815
30586
67053
20807
59849
51366
43881
57284
59471
67700
13098
43011
98537
43923
84879
81809
18555
82515
56859
7852
99663
93696
56992
98302
89033
15527
48308
31077
66239
61333
21043
96592
73117
59958
77996
64364
86994
97467
37206
15368
18970
86214
92451
88683
64955
99904
61871
49878
66248
44838
26885
4576
77716
77245
78659
12925
95810
61095
46014
89535
76505
91235
20301
94869
80406
19850
90685
4206
67899
17456
24852
92213
45109
61151
51175
88383
44289
17000
55841
87473
30177
97498
14097
83696
60159
7809
89462
44943
55713
72875
80075
63694
97217
16463
58356
43128
91151
40147
41603
14941
48714
40120
22479
13972
8860
96763
78322
95004
4416
81483
65622
4024
51884
5698
17713
24754
63006
16419
65245
62084
53870
44778
61519
73232
92934
56403
96756
15380
38888
27952
77244
65217
41917
74743
30311
28037
38628
2038
71060
80852
62466
20274
33627
7714
92881
65116
49131
82324
5158
5810
57598
54016
40895
34166
36575
21114
52803
66826
55708
27739
73790
91773
79112
15948
39308
9492
26310
5639
50128
86718
72354
45713
7755
3995
92153
53964
64619
46769
57266
49506
13316
38845
80846
90010
18827
3023
94870
87679
20683
20722
63457
30578
96836
11246
73874
54994
61175
48917
3613
59351
9373
33910
59644
95321
33901
4231
83207
10670
93300
31208
50361
45708
91717
91276
32363
72666
77686
97751
52860
61640
13872
97002
49347
95360
97183
13076
93875
88530
17338
26432
17842
40518
27451
98825
67607
20956
77056
4988
93192
3716
12763
56593
16774
14627
66400
64829
52115
29672
43542
41955
97015
33825
42576
61884
97821
79176
10026
13492
28325
79645
96688
59294
74533
58519
89636
73835
49757
94818
46135
51164
8649
88861
60041
97786
2183
75084
43799
343
57251
86948
61121
43304
99935
22556
91685
86274
55330
37350
27652
53781
36271
39456
68830
76150
61827
41139
26060
81494
2134
77470
80974
10910
643
27561
35522
19764
87303
29399
30280
11106
33185
87368
29552
91807
7887
82506
14040
24821
58492
92423
77311
30729
18457
91498
59369
48264
6505
53078
55884
36377
50613
65271
73615
23517
68919
36618
74575
39720
32811
98363
35944
5365
48899
27900
3209
46648
36616
36549
6188
68029
29035
33319
63763
67655
82582
76058
72287
40261
42049
18950
61684
10246
96561
31999
46378
15112
79126
14090
91033
8547
92591
48014
85083
95240
55883
72909
90293
44511
32392
59481
22426
27426
92859
6442
40660
35018
82541
77750
65337
6896
97854
91207
87955
19980
10880
11531
73140
63196
11200
94309
99347
47405
54822
68925
97306
31666
82869
19403
4715
53561
95672
89969
52665
90292
43465
35373
97954
76962
96638
34970
76009
69617
68685
64681
99943
6059
18646
10488
67610
47046
52413
29126
40778
90477
5767
8981
17287
85324
7181
59750
90863
77334
89021
23232
15030
49748
90409
84804
93210
38071
6455
26080
85242
86469
8978
98855
53450
15836
17811
28366
77630
45503
60120
81979
71224
96798
65497
11774
64050
13707
19208
76445
21436
51155
58324
49926
96522
45055
79799
11992
7837
49932
58538
88539
10089
18257
25010
75887
39106
15253
62643
4880
7297
85348
75378
61479
63111
23143
1124
96888
26282
28194
35381
19334
83246
59817
52192
48341
48792
58451
39773
9233
45211
80708
88173
81241
30253
63163
28731
41114
52619
45757
34553
756
30246
96641
22731
82753
56122
50056
77542
14684
94474
42815
80977
32219
76540
3804
70416
43000
75875
32369
13454
666
68186
78768
59619
85135
5557
16078
43792
22763
66713
60220
79918
5081
51426
18033
36225
12384
74890
24845
9420
38689
59665
15271
74527
14087
15125
1767
52999
42546
78485
70430
9667
26521
4430
11646
24658
18915
49735
66359
60326
15374
85102
72703
18570
72344
47124
19568
41498
42137
55057
88179
43707
54229
54833
79977
57629
87069
71517
61242
51723
25116
70233
30034
85013
57201
77882
9816
59922
94401
1831
11138
73748
64359
30163
86750
80444
11647
97954
31678
65771
90307
2006
29666
39398
72014
70749
40665
50355
60663
30780
90162
55052
20665
21527
74180
9279
26448
46830
66141
49811
71922
98373
88879
73641
92101
7539
5851
77680
39121
63556
23631
40466
63373
84591
53038
15147
50753
6476
17431
43629
51976
86251
34029
99154
81175
98786
95152
33552
66542
18258
87168
19755
81523
76691
65141
85921
5637
49714
16414
50244
36606
47346
4520
32994
97520
6290
97812
94083
44354
39256
85692
27737
59763
2516
61390
37825
86651
43031
75101
95779
24810
87460
14436
81725
24226
43804
2150
97000
19644
94691
18070
29038
44884
84097
37185
73288
48189
61446
7357
60191
52638
78361
25501
91958
1425
37985
17326
26667
78709
24110
15542
24756
37353
15258
87549
95455
85076
87218
33787
36751
74491
50242
32963
3950
79831
35184
9401
5679
73365
62458
66431
67318
33851
24473
20465
95885
89304
33151
94096
31013
43847
79269
74334
15900
9235
11529
8737
75838
6180
38133
44118
87470
41336
23383
77032
21904
29552
36252
52211
58030
86490
37892
71250
16635
40839
65790
46012
75174
75979
34560
61002
51983
59995
23089
44894
44549
67085
4507
86237
99835
77840
27679
37818
36813
14684
33006
91000
76367
76133
55333
59252
27932
238
47904
29177
56309
7410
37022
20003
65895
97334
39121
94494
84475
21046
61957
47618
60516
54835
60139
75663
58648
38955
37951
5130
42742
22538
8293
33826
84228
49108
88988
66090
7117
29692
79729
89738
48023
44305
66363
26223
87551
52738
57368
59956
82254
41285
52589
78545
94376
38911
16733
59505
33823
70502
18338
46975
76122
74235
92752
43220
82402
76804
35098
83833
60831
69907
74430
97897
29257
68830
81195
54564
65741
46960
10071
53941
7282
34241
17537
84948
83431
56154
51257
226
38881
24651
3781
79757
54881
64230
51849
23221
26585
85274
90415
42537
91744
3634
54976
88822
86925
91726
9225
82578
68860
56706
85596
76540
45745
50954
89025
42584
63178
80461
79944
21010
39631
30579
46940
97921
97242
43748
21711
67728
3225
49855
24634
70658
58251
11735
94682
5608
31215
41697
79237
46829
58137
5493
34272
24472
83463
95847
14679
61158
80389
39112
29712
59504
70858
97026
85107
36506
71541
54408
84709
52411
67474
33511
93685
49174
3984
21755
76676
28003
63894
61188
71187
93020
96261
18928
95930
64216
22926
46293
44513
59912
3198
19567
13320
53992
19954
319
50361
60401
39710
54618
6416
54802
89096
29134
42926
46538
52451
7856
93054
47858
58964
88660
20954
11333
74282
50543
36929
24298
53486
62342
69015
92082
48627
17559
35622
92126
15200
17715
59405
85330
16395
85369
72867
18096
86317
44484
97747
71150
84677
44908
80940
5547
97661
9027
87255
20572
98180
83847
76765
85825
43935
69451
54835
48888
31622
76994
61982
57146
68297
51141
66090
14020
2526
61464
48715
32131
53456
68213
62185
44031
75072
95232
18387
93872
8513
65975
76243
38613
55267
28621
59083
1151
43623
76468
86841
27091
6992
94017
53699
14316
86275
57667
45980
7521
18510
32658
54959
50375
28083
69097
8788
43291
83495
46326
89160
10353
6205
40805
7172
92138
75806
13877
22717
72544
81115
34957
31091
57878
72782
12344
68858
61292
850
98148
49389
18022
31100
16103
42860
42779
23171
28142
64393
21333
13526
96019
60155
89617
25436
40905
85827
91501
6662
57784
2975
8139
53250
17996
83437
37106
24757
37022
36713
77341
88510
65288
93295
96197
70471
50781
13039
45938
61753
93676
69032
91806
77603
48113
97876
25083
37177
96600
36280
81679
79553
65036
9469
31395
74654
18689
58234
21825
91035
96606
33400
32343
32881
53277
56262
89698
87205
56857
22529
9065
55219
23910
46381
19949
67006
99501
48287
51574
78708
56991
96879
80560
88205
60999
70395
31646
43527
45580
21834
50595
80371
33743
12162
72737
42156
99888
69402
77696
87551
75817
17372
41909
83835
61116
2076
86820
94875
58062
61141
42530
6622
59659
74315
15700
1992
71331
1877
73814
58360
50264
67805
39944
98709
5736
78842
97671
80427
79683
34285
74175
17356
57978
96697
95743
27856
63934
44393
92463
40102
85898
45732
31443
31061
24032
50685
65315
59707
46473
33606
53363
55539
74881
27053
61628
12236
84570
51850
59415
14247
3137
63420
97523
75754
78840
26210
50397
44323
84206
38133
20568
54707
99544
35179
48754
97360
14652
45983
46116
74069
13882
38614
77793
8117
31864
44536
65113
22172
91369
40233
2407
91175
45000
22379
46058
73804
61745
54540
97092
87854
78333
92671
82191
3378
20988
18494
95624
79900
87822
27136
54974
6184
12121
9487
49178
32451
69800
77794
66443
71787
12372
47354
68912
63764
34578
12695
51400
41851
60739
85639
87636
53188
5947
52345
70091
8543
49082
88484
45025
39988
87796
46649
38289
69277
42645
35108
47538
39333
59588
77698
9253
10292
34719
52963
23671
5659
18393
65779
55430
44790
38323
9763
21025
91290
77978
33653
87036
30820
68645
78380
40388
20945
51122
80343
3902
8891
2859
39199
56809
76978
27458
90034
50863
32701
83272
14679
30878
71930
29085
58990
26528
59817
28520
51749
26096
61387
91637
42268
24194
90785
89915
73675
71918
67120
63269
44254
15449
89381
1163
57876
46603
7570
21858
99220
93183
81139
89820
48459
80351
24868
77195
77809
73398
77648
66164
79940
30279
69745
18165
98842
62084
50777
16365
45621
50612
98305
76293
2038
31623
4200
28733
32754
43858
28226
89814
29372
43793
7145
48858
69172
17943
78208
3784
85092
31378
38826
92391
80968
98552
53022
28092
3317
4926
33344
52905
69673
58651
63062
78970
76252
26977
30304
59173
8760
44995
89199
9193
8731
45542
77884
43774
45557
22563
13872
28274
70313
62412
57299
48604
26956
43933
32681
39583
57927
48018
46639
35829
8963
90698
77550
82211
11649
33774
92821
71538
44166
72398
46342
35614
38569
70727
8605
60554
55731
59854
90261
55045
91377
70514
7005
92684
95028
55545
388
99724
6114
70340
64210
83164
10535
10520
90278
72114
36029
38342
17190
52190
23700
38242
57349
37786
46664
94907
54417
15287
70491
12163
14936
75491
87854
62493
86972
94612
45059
75223
69056
80525
93973
43125
83675
71082
95194
15668
38303
71626
81896
33160
42496
94112
71249
39721
27576
80836
32214
27582
7447
47679
73128
64177
45996
29311
54900
44291
26487
43685
84201
1097
88590
61029
37432
37638
8897
76942
3444
78968
93501
16636
53198
85114
18129
86671
18260
47995
6061
47653
84564
66389
32693
52009
74806
73503
83186
50263
48073
15959
17970
52997
68969
40010
18369
23079
70495
6708
23506
32172
74200
26164
80195
93666
70288
50471
97996
63243
54132
26718
7851
32952
67081
94580
50796
19133
96717
62370
15943
78635
30643
84644
89993
4859
67248
56421
54245
86535
99218
53971
20061
46653
73150
32954
25499
99986
67564
47338
93848
33827
69123
31166
35619
93987
49450
67013
63367
14050
29602
54787
4847
32377
9288
36661
73167
31546
71405
19934
88580
5783
16075
22292
16929
20046
68311
55947
70179
74385
43635
2794
48756
69354
4305
76556
74494
43744
50149
88418
69182
16565
87495
27418
2513
67136
65038
13931
11073
70188
63229
32449
49414
1242
9862
46993
85566
14813
45326
24762
21855
59993
15608
92052
39697
27009
85623
12275
22014
23298
96097
83957
69834
96874
81610
26273
62040
19578
93501
20232
86636
47875
22216
21564
51070
94328
4201
60643
47480
3820
49669
10280
58291
92757
31061
37361
94500
15132
6973
57866
88683
42803
61945
89667
42445
58771
3093
89512
43316
91738
29973
78186
85689
28732
72342
87426
78271
70023
78938
49726
59114
66117
31723
74104
93737
54484
29859
10090
12385
13179
62416
51968
97464
1281
85178
75398
95728
56809
87508
9886
10049
18772
51200
33346
20055
87090
64995
23929
8048
57016
85732
58577
68790
5256
71896
42465
70440
83094
39731
40845
19399
89527
39112
35913
7997
40309
46444
36419
40868
45238
41635
24204
97233
48646
55938
51164
91358
75917
33691
46765
7055
63105
44494
76044
62795
37861
64420
16863
2288
73113
34011
86634
99078
58668
70969
79620
92536
96126
571
46704
44898
39359
74488
56663
97171
77407
30985
58988
76159
71369
86162
59829
54992
28739
76953
9674
28022
6027
98323
24554
26790
74140
28263
77493
25273
74704
67529
52446
93751
45038
61938
87086
82320
61097
63201
31042
36041
88195
96939
72634
81686
72194
51858
45962
85248
7828
65696
24286
87975
93501
96479
90151
80083
74950
43949
40605
62516
10707
76774
44040
15172
52893
70764
79873
41753
31532
91193
49601
75317
85565
6156
49613
90209
95967
47319
48775
67195
60576
59022
62165
70766
64836
4000
60453
68158
27442
95089
40506
71934
87577
36585
35133
71507
8516
96940
64983
26454
70292
47022
69193
40810
42692
89692
32449
33614
42612
51974
21443
79874
43050
25007
83777
59940
16103
73080
85711
83390
81495
12170
49497
48082
19795
51987
62328
53631
21898
48219
58139
26134
62163
25738
34545
66431
11390
92388
32730
85406
14016
34239
93
58606
32666
37460
71114
82984
85355
58385
70744
44510
49719
74357
62129
89063
94768
58414
27403
71699
71346
77388
33835
50737
82657
69142
45620
25197
22309
37081
15509
72681
3822
66736
31614
23733
49325
24850
7155
82411
56203
92723
34138
45878
94556
86534
55910
47981
86226
92418
3714
72193
57918
67660
38000
69651
55797
26284
53100
27043
795
54293
24671
55618
33116
18582
2283
37858
70611
18817
42163
40593
49940
32414
53883
90077
46607
70006
7597
64749
73021
44145
44272
5504
67151
83046
66303
40425
87651
63649
77634
21655
67910
33898
86013
73708
93579
85174
85024
9210
34328
85920
63317
94701
54411
22048
80898
33689
6433
26854
3976
31004
2936
72736
65451
20642
42404
67373
41061
21349
47340
492
87755
96012
93807
80469
74885
56340
50761
93051
40021
35543
44070
43076
19885
54201
70272
58966
81334
90656
17945
60753
97264
12794
77777
15323
49651
48718
80296
84256
86415
64303
4408
17590
60451
32330
20581
78589
42215
69921
43717
84090
61573
3918
84921
15682
89896
22124
21681
58030
86642
54549
23975
62078
68414
90094
79253
77434
25336
25773
23440
68787
33681
35630
10652
82035
97486
96967
63097
24863
3257
93111
56753
92343
82350
28551
63878
45581
64361
13480
4229
65060
27635
96408
29433
86961
6032
94610
56929
43145
33802
8226
69713
37237
3456
2672
17772
50208
90948
86560
80535
6927
17518
75738
32037
75041
53228
8041
26684
1876
8065
46921
63856
14867
27063
37054
50595
82127
98841
281
18527
8310
65329
58719
69700
28116
84771
20811
1937
83293
37583
45656
6476
88956
88336
30714
73979
52687
26031
11616
28656
22386
34213
43232
43190
28116
98404
35432
44076
43773
36243
25119
66108
80626
44612
89941
11861
46251
50652
46668
32556
92887
79443
69208
59531
39966
94762
34431
13526
20643
46915
65669
77161
27337
23998
23182
74633
3462
52449
174
85732
98565
75496
4572
79796
72735
31487
55918
50193
43004
14954
12472
47390
22923
39064
91023
19212
56537
87127
32354
28979
54690
65701
70600
69371
23438
5860
63213
73535
44982
60339
40372
77401
41295
50175
18193
97712
93675
13475
38970
36939
51468
56048
57408
50871
4710
50171
89945
88700
3903
95569
31637
81429
56371
67020
88614
88792
93760
42806
24786
44301
17449
12446
87829
77199
20396
56477
28068
31127
58897
38602
60233
70727
42646
77407
72088
43691
49230
41504
22349
4933
30083
11882
73905
62
13484
86543
69572
76563
99123
72967
38681
3076
76418
58740
84217
98358
71070
53935
34167
73054
64750
85325
40629
61528
45721
60938
27691
3648
56416
88446
84707
58663
69283
64947
41404
23254
74646
30802
37060
7184
51842
14622
10877
34244
84786
93082
3243
14877
44691
965
61073
39214
33486
41623
99178
71047
9456
43887
33018
52725
91477
65315
16127
75077
69243
3447
69873
76166
63727
13245
32207
2265
15303
46181
88860
5929
73850
92747
96005
16878
55922
13392
3914
10007
83626
80128
42630
92270
68695
73355
79143
32182
79489
57318
7488
36410
65348
68524
28834
16353
97744
5500
15213
50479
5188
90807
73489
50448
53473
83340
13557
88923
71826
6679
34680
30849
77922
26430
91566
77533
32018
32839
25481
27141
37907
85132
2592
21995
81844
92417
20739
71752
80143
4753
4626
6244
93609
6075
17476
86184
87752
20451
1276
34227
80478
64230
13250
57357
70842
20827
7692
50545
80380
43592
31130
48667
67750
9789
95630
22076
87474
13000
23605
10115
44221
10653
51494
25125
72838
53784
68790
3243
63376
30434
14733
20765
23880
71286
24445
1515
40814
80732
27301
90892
31505
80706
21041
4646
98653
39016
21073
38857
92880
17707
67723
97465
21180
70410
8483
16486
31704
13192
68949
49680
96563
48531
24920
48327
43799
9295
76304
72577
72659
7692
34586
1192
62467
74462
34972
87659
44298
64232
94345
80357
9625
72409
71101
60589
3444
47806
76683
28740
28967
11670
30902
24270
85018
60499
14746
6292
86339
28921
24473
68900
32400
57090
80143
62458
29593
48851
6353
18885
81722
20285
51370
26380
70240
81585
18558
37431
16670
93271
18778
48787
72874
68035
96775
72427
48464
17496
93521
49280
2697
74337
26849
85759
51865
39512
68525
53147
87401
57741
50329
21238
2888
13519
73300
84752
3256
18687
56890
83817
74882
7463
38111
43799
78832
55529
7433
49052
98806
60255
13219
42927
91671
21788
77498
54406
70620
84017
52026
28520
79522
68761
19371
30545
36106
78967
98165
1870
12575
35857
39570
64359
98465
50929
46884
94373
68610
21826
11396
9950
87869
41800
16544
66865
45365
54545
83212
98862
619
85367
71864
20912
23788
51601
86295
63824
12891
92577
3881
57644
76504
12864
18399
27775
94441
57166
96233
18708
45294
20242
94783
52303
62550
88436
17233
12876
81548
78503
62062
85461
81004
2813
11385
61393
30602
68831
74115
97409
33029
15824
2494
11143
32325
80951
70655
34952
79845
75429
52586
51323
83461
8626
36422
72353
67659
9873
5115
36315
47871
19081
72200
10617
92736
44790
99861
64663
24935
84206
96573
12573
12303
19699
7824
10746
42841
92178
91841
69342
8278
48129
45514
95454
96052
64527
89588
56232
20755
41726
37973
67910
32119
35917
33256
72530
59790
90026
23779
39257
85204
87089
26621
99819
59764
44174
76561
17101
79560
32938
75252
22184
66798
27431
47447
20923
18099
14901
59954
59512
2174
52709
79759
84844
32399
34886
74729
86984
38561
67158
27507
22305
74914
9358
93808
73059
34372
8127
50475
55837
87851
95208
90588
60517
94364
83025
10866
76758
5161
53904
10163
42218
28067
72696
27820
10915
89298
41992
33261
69604
49414
43822
31219
25142
48553
41828
52815
30178
65133
34456
80948
83334
53599
61085
91817
28589
46902
4036
17111
58820
953
87983
28469
59371
29882
65702
23813
54947
80793
43928
10217
16152
59393
34300
20445
58602
95552
97283
17843
61952
28697
388
49420
88349
77530
58501
1289
18287
77207
315
43514
2976
91933
83493
8711
43236
12871
1056
23597
54333
70944
96461
31224
1725
94904
37653
82507
71275
90613
44441
60891
1014
12106
71110
23159
30330
74292
64050
62274
84769
11924
62730
10602
16629
97220
14692
8576
58810
14366
49429
63373
82920
90315
90129
17741
36023
91655
57724
98092
65166
10601
59662
14972
11461
50422
55046
76738
57869
81072
3325
51555
57927
92748
26030
32017
75551
45943
27986
77872
91700
56277
20593
62773
18420
71644
93067
24796
6664
87899
77590
49475
99300
79354
99893
34332
23945
72068
12804
15902
84687
4580
91798
15345
59508
84494
6247
82299
49102
71966
10868
83795
4141
18456
34273
48111
15940
32504
79647
54
79906
66758
94549
97860
54894
6790
20621
80755
41788
51401
34126
88596
4579
43134
3799
14398
30268
65405
87028
36599
49655
91308
60508
99268
84928
45025
81350
83177
16847
95956
27061
47948
76
14759
86275
79602
88236
82062
99118
8893
14346
52706
94759
98561
33415
83386
92488
66483
38402
86421
50660
74044
31541
85867
31687
42002
17241
12098
18253
19405
59746
31324
81874
56571
18975
94886
93275
65707
8163
38361
80649
92807
9913
90807
84944
38857
97192
52918
85474
96951
55449
57835
36059
21520
75634
82552
34061
90646
72278
15727
42061
17404
76131
35256
78706
72610
87399
38696
25808
92240
90065
49894
15823
98118
85655
33633
62843
51590
25669
3298
21602
47096
81053
30514
44081
36766
18146
27499
3260
96645
32160
91113
5424
23897
70357
33860
95170
70606
30280
61232
8781
7133
27498
17028
3758
79517
21356
56511
84576
70239
85235
55565
27854
54646
25638
71950
36316
19994
98254
27403
13375
37526
75258
67159
49097
98778
86078
93588
12453
59286
49531
19302
82400
52803
49755
12430
48892
11860
9596
39187
94960
66253
45743
47519
22941
17275
24456
27659
63571
33648
11753
60734
54753
83452
38794
78751
60690
15454
76068
64145
47396
50281
85785
87781
6092
12981
23454
92252
49537
91971
10208
78124
98583
84336
89873
10363
32894
897
24466
23535
95628
23332
33508
86975
17979
13243
30488
54251
26776
21315
60836
44851
344
10326
60356
65344
62111
85136
4035
51975
53760
55819
71742
58523
98417
5848
20452
19614
60388
5648
87040
77415
61801
86415
50167
67712
15086
94807
7642
68564
7710
79389
2811
98988
41983
19579
85914
95937
28378
13551
6147
24599
71113
47044
14834
99498
70515
5678
30928
53346
8377
18736
85377
9881
23861
13076
22820
19918
19597
6535
15981
8437
29840
74154
36330
57324
44201
76930
63389
48725
2765
63018
24385
89204
95219
11490
83688
26885
10144
22262
99996
96171
88142
41365
13380
59660
71841
82220
41863
81837
68592
99644
61889
86202
9272
13088
93189
76315
69424
6576
68889
15198
39929
69510
77744
32895
45869
93683
5881
19495
3546
51010
55659
49915
55084
66022
32389
87961
49799
89396
3467
68561
54002
58142
66498
23624
77731
54070
21751
26843
13153
51786
9427
8294
90206
17617
49977
29820
61153
21602
12239
44245
83031
94506
15510
72835
64157
37711
41199
77032
30199
21041
15093
86451
14052
33585
52152
70318
52959
47056
73362
51344
15592
34775
93074
35650
76083
41104
13172
93026
7941
73634
54484
24051
48567
87972
82214
3006
42017
3256
50484
12210
47428
45112
63502
58834
92937
5237
6487
94140
25085
12404
48582
52855
29911
49184
42834
71843
27893
20228
41432
30796
29350
9900
37090
57197
16715
7123
14140
36617
91944
11529
63186
55776
12177
24698
74744
11038
38362
4121
20979
90939
61189
65290
45929
4369
89805
36958
78034
99564
82774
6928
77492
36585
89744
48763
29353
33187
13383
31252
26173
93716
88106
23448
8029
42690
42618
50179
26397
59548
60585
48849
86054
71814
87496
16325
21766
64616
54666
70306
78402
29239
22064
4693
7079
62323
49554
32961
48198
52447
26482
14067
96208
57276
71467
31038
79540
59057
83292
27536
9180
70075
38360
61721
41084
86703
90074
60720
10018
79067
151
49196
79731
85115
72035
1183
6404
20464
99934
92615
23009
44034
22689
80506
54616
29463
46919
7952
81279
50351
53529
16629
84331
9783
55204
45696
6208
33041
39637
56634
68425
57800
13368
58865
53097
63526
32810
22960
84960
17176
32899
13387
94256
94920
48159
40158
99427
57116
26509
68470
44840
85852
5635
90888
26470
84900
54625
12886
40396
17065
38718
35949
61525
96763
46023
95236
92065
32698
25305
84545
78926
8191
52923
92382
62057
51324
35890
20606
45894
24606
81208
64653
50547
18303
79149
40470
91056
8552
1912
34435
86862
81128
68795
59563
60916
94498
12742
51022
40601
67122
94813
35945
61824
28941
27069
78143
90180
37225
94204
68761
37951
14059
51886
93221
22899
33297
1560
18874
65099
8821
70639
15033
25752
75422
63099
47760
88643
59652
76457
86271
91705
98790
54627
66057
12541
97790
54410
73744
81225
42108
34765
77709
49966
49880
20088
20630
53268
40404
11256
12567
71318
13181
19083
7706
7159
88834
63270
92620
97307
57643
5126
42892
42629
63543
37230
59228
8322
71214
61341
91749
57054
68469
63220
85591
41989
24658
80032
43349
70177
49350
49962
41609
20910
39235
10183
72272
65548
3878
80202
83351
237
78124
37833
15502
33010
76315
46714
62133
35333
14368
13854
16448
86239
58572
87455
53156
2334
51138
55525
39397
60330
29840
10322
89115
78643
20778
39867
13067
59415
71542
10818
18476
5770
3451
95136
498
26300
48063
90931
78364
67289
81529
59943
19161
80292
21571
27221
41897
14513
59171
40051
41674
62522
51767
73490
61609
25499
94352
57064
68143
5929
16144
98079
60501
67975
60282
55568
54447
726
1201
45853
22022
689
82225
87835
5902
62795
37896
49991
89169
8651
15859
33656
40541
9575
27575
96899
25312
21215
82654
31814
80370
50297
20342
35053
80463
9817
84268
82576
58014
71117
54254
64302
44977
57874
69283
77406
8280
33926
32382
81629
65269
96745
55428
98834
70008
97294
58160
48226
92319
48914
46228
62179
21414
45467
49039
85706
8553
66364
17999
54391
54838
97575
64441
64137
86400
94667
72440
30435
94114
43509
61864
60239
66708
20871
42902
48207
67145
72630
13849
80927
62061
17928
66257
37936
45335
49406
51360
89597
79690
76749
62851
89229
85433
47838
51698
79143
98173
25089
43650
34228
15310
13559
84653
83166
37679
58206
25047
59399
35661
81061
97943
53799
94224
79903
70419
29397
49056
3076
676
990
63790
4026
15028
31993
71326
49218
62792
34050
13421
37722
17655
13899
17984
23042
47707
35207
33060
60734
17105
98288
20266
53951
5336
86202
17848
70794
89476
38634
45731
47442
22317
93100
15238
55141
70232
93017
39171
69334
2690
66552
67767
154
15358
28851
21609
3471
78550
95249
97045
83971
63883
47682
62695
77980
270
50337
18965
63721
57743
24266
74026
34458
69218
34918
63832
40740
64662
66663
16878
43597
99362
54964
28656
28986
84747
70262
3804
14126
20433
59176
59937
66879
28948
44187
49545
74343
35587
96495
28676
91802
94426
46092
5640
35546
51086
49704
82522
72840
15684
90695
33645
41906
96944
10337
75558
59888
71437
74633
98853
82891
21979
22685
93533
58298
77854
52689
40727
6849
38517
83349
45941
70654
58956
63162
11417
28557
68837
2061
91369
93995
63643
43225
55663
33760
83701
47854
85061
98415
37563
52196
94621
34658
36173
39009
12173
78437
28768
91626
99514
60950
13575
29385
40074
65266
37858
46231
49196
65121
9582
39837
24344
34576
61421
47293
63814
53995
23462
74537
7460
31081
57698
66870
58948
72968
88635
82334
4008
10582
50137
50032
91035
22325
78797
62984
24580
18845
40905
24339
23137
13881
77124
26590
429
93574
51140
50080
43763
91386
80801
24921
87449
10704
74512
45307
43291
90031
87454
61058
33009
53115
56521
3029
66497
46438
50207
82483
30193
90743
68157
14985
2838
2983
78994
11701
72243
33022
8024
85354
31340
4123
68977
10647
59474
97580
78805
695
20122
8051
85812
51383
39413
19331
13355
79774
92173
81128
50337
62900
52485
25065
60355
39866
10131
64744
51160
82673
53568
9732
46798
79175
84479
41633
14589
9299
99046
42620
57337
30875
26564
33637
81066
52555
48468
92342
71250
30714
73471
15283
82394
89703
46489
2038
90319
75732
38540
95253
57314
73368
63890
44052
22727
45070
10144
62744
35171
9236
14457
4328
46549
18133
54059
28358
89864
5292
39073
89091
72147
29881
32411
37346
19708
37256
22357
41583
49244
4889
6219
48566
64834
70205
87319
77397
13711
62063
57252
53430
93730
63059
9402
82005
32870
69537
14142
79538
8670
52117
85779
5357
38007
14072
44420
42150
90640
78817
1643
75806
72469
9459
59660
76258
17910
61352
38698
469
77166
23474
32166
91953
32038
79340
59983
88365
91392
94814
83201
73934
88428
98031
41984
5606
75633
71671
41638
86229
36851
8707
46852
83639
53671
79204
60222
47959
84430
12472
57154
72475
60809
35705
37183
6685
14357
74890
32371
46992
4702
94459
13697
43285
50937
82621
61169
32920
53445
78928
40415
34140
26948
61168
89394
91418
6712
93666
6914
78058
88143
1671
76283
28178
48581
69107
84199
84321
66974
2625
17937
23247
19834
32339
34349
40362
3380
97593
8071
73830
6915
76987
21619
35204
35579
42352
78650
40889
37610
53155
1569
31351
90513
76847
13624
92882
61291
12290
32654
85935
27490
62501
6687
43468
5187
98711
58446
14209
25440
88645
98583
12566
5023
67101
21150
99317
51569
82858
42765
86427
2212
7547
46378
33229
19762
74355
6158
3103
87087
17242
48831
43237
90250
69383
62852
94475
10239
1308
13501
4881
75331
82774
21847
71765
66585
16033
32080
15467
92142
78967
92781
15132
85215
71702
7799
4053
41732
81158
65551
82849
67095
8275
14341
55913
65647
94443
24370
66892
15713
35300
81923
35977
29330
77425
69679
65387
97317
61980
42622
45832
61806
4611
5914
72799
66945
59332
56403
88241
209
55914
20192
101
87329
67143
46334
37531
43056
70206
34782
65195
6696
24691
13668
57809
39775
57711
92342
21589
76139
37695
14137
48691
33688
96481
41789
90537
28482
64846
59761
20442
13131
90881
21941
51637
9504
1925
34642
50265
35284
3186
20059
3215
58420
45528
2283
17000
57031
57502
62380
24060
98975
21731
18514
65301
95618
54366
23248
34377
70892
33749
62894
83017
8231
36007
63271
57547
11816
969
12715
17569
9394
12962
85444
24194
54170
32100
58045
41932
16144
76322
97502
47965
74590
76578
96037
30515
31785
11721
12405
55776
39073
23745
74337
34334
96758
4276
8069
67434
17216
65343
63116
42673
16781
66276
64873
87651
50678
66945
56266
69392
99148
16189
22399
44410
58856
71946
17320
6462
77784
61953
17786
9838
74663
54442
46824
69656
84344
66756
48214
48316
92957
84169
65506
77483
28464
81782
69526
26765
31172
3006
28992
97120
44725
12333
55663
82655
66074
28252
70467
85990
37783
28763
61698
79811
35930
89727
63075
27637
73552
38407
71823
15420
71728
45196
37260
88962
35046
99946
9890
52802
63852
78137
45190
63699
5697
72950
97760
65827
15719
64083
430
68247
10235
5589
9631
27365
59485
81709
94413
77033
6509
65464
2967
60366
15577
94560
4841
1432
65105
55315
16136
61398
85510
64999
99476
63831
97891
47076
27900
92524
47526
54363
8104
55661
12258
46034
6376
28184
41075
25462
89584
36395
78944
73970
64437
36602
62766
3701
80187
1149
91084
40734
52456
4549
15552
72079
12372
20498
65950
81445
62660
32538
31601
77178
9714
16421
63198
5265
16797
47094
18851
80029
87204
23396
93200
59159
60600
24989
17228
36667
56347
17487
52444
40932
58313
14284
66281
5368
15532
15684
82068
20337
4504
49156
51857
22464
52640
78232
75577
21704
45370
50980
18283
89131
18397
81996
42638
5883
94665
56330
5955
34792
40700
89242
69464
80686
74738
47017
25198
76018
86651
62419
62934
89570
25526
5986
90408
98141
66965
6666
22099
58159
39322
17877
91429
70489
12920
89773
6200
87709
85460
21840
5033
46914
6803
8412
32711
61908
917
82927
62486
41913
29616
467
73266
32616
46129
63541
64921
48282
14204
81849
89038
46408
12861
61744
91276
69041
37783
51570
3087
59901
78535
36858
39891
10040
49995
97932
34714
45528
54664
31541
23710
36928
36644
54821
68636
3896
76756
21297
5315
524
38439
55866
8511
36520
18014
6592
69408
10949
81674
75067
92023
62871
80131
34068
92039
17555
10430
68180
35259
39039
73476
39479
20892
64202
60595
43977
63297
50726
31962
64505
62938
89824
96238
39708
86153
27091
54701
63399
6116
42638
40316
69715
8833
84433
3991
57331
49071
12496
81336
34986
38241
13055
70234
30704
16130
55056
66192
48211
26332
63493
72590
18022
42302
4
26492
52239
13629
6005
73413
68918
90588
45686
26180
64686
59561
16169
86112
42934
51514
99445
77743
56386
26364
48102
31878
63917
81031
98029
3264
87314
30953
18789
51916
55327
42105
36933
24844
6645
4282
84183
28540
21391
74550
87067
42458
12076
18375
14182
34880
57353
43360
32569
72807
76102
34045
11108
66421
15052
87291
23956
94034
43634
69017
56866
72737
7248
90368
40363
44153
81870
94986
58057
24482
35548
93993
50451
8464
27972
40943
7012
84950
85261
51454
56049
88059
23831
50966
31523
40687
42352
76819
81326
67920
22286
65344
89579
90663
96295
67479
28486
92521
80247
29439
30676
51203
18778
21243
90127
991
63054
17030
50185
48414
63032
57743
71590
91871
78322
31510
93185
35639
74917
22630
44910
46580
4984
93265
6641
87895
11955
60877
78704
2509
29954
14395
77438
71438
51778
41726
46977
50047
16104
54351
59497
77887
3725
72073
25476
93972
43235
29240
95446
17333
65087
82999
90766
63302
65288
21473
89784
66016
88178
75157
73460
51351
40382
33447
80065
63170
84505
96319
5014
65619
4230
85883
64256
25957
86066
94884
24670
16729
33699
79037
91735
55752
54585
82033
20006
52066
80326
77265
81044
10699
6792
36677
26091
7304
97157
30546
9644
41217
94428
31975
47795
43628
54860
35770
48957
67173
24268
69013
3895
67043
7218
86842
31463
92383
1117
92158
56382
84685
42841
76579
5260
52574
86956
81626
67212
29882
6935
42640
74311
46203
39352
89722
56412
64847
85061
85180
58386
45064
25183
82161
63902
18392
11212
4117
66577
88772
11462
90338
32037
71888
79549
34917
37869
64941
1886
3033
11441
20541
98337
18792
5355
80188
2961
65624
21456
764
66683
35459
73122
66219
10936
58056
97014
20573
47459
71990
69825
91864
68915
3980
64717
17835
74185
31551
38624
36255
22325
98426
85669
59251
77179
47220
48451
72672
50027
5412
34468
65625
45704
3252
4600
32868
89051
94000
53430
68198
2528
19404
40060
54228
12948
67733
62968
71353
36670
97212
70869
49570
97375
20505
16922
82652
42359
9477
92746
66051
40333
50201
46262
48315
8389
14232
2392
26778
82836
71737
16786
93182
56136
87345
49184
13952
47908
11595
38899
29869
85126
72708
27015
42978
56327
26656
36558
65488
76757
90372
68609
48087
78130
31060
59544
99914
2751
14741
98304
96618
25657
74366
30815
75884
95712
4724
35306
68348
27459
27770
71431
6701
13302
11849
99314
36924
42247
86632
18156
84334
96989
27542
82138
61978
13013
38526
85974
34256
81957
9239
80583
68897
33434
81621
24595
64620
5611
28110
61098
18170
84170
60375
89002
80925
73210
14332
95684
66364
8259
60044
5338
60692
61870
93967
60071
27721
89099
94726
73320
45966
58919
3625
14492
66424
25565
92494
46749
30145
6660
49214
26862
10549
36499
50325
76397
75798
47353
37833
23363
86221
58140
80561
95460
95605
50466
13565
74472
55284
92344
74573
38810
90314
46899
87225
72601
19896
41452
78445
37216
11842
3989
14043
97053
95129
43318
37607
25173
97077
81741
24599
56180
4325
12669
11057
57240
74472
8566
52750
50897
43075
9405
87977
81070
23609
35100
69025
35171
2548
89503
63261
55576
14828
66318
83496
18377
57699
92236
81368
34368
32886
15756
78901
22523
32651
11589
92897
39578
50884
56001
76307
26149
46716
3974
13109
11535
95413
25358
40168
1633
35159
98490
99320
69539
13547
98120
33685
8217
38494
52087
65396
23356
46396
23416
97038
71417
80296
90264
47615
63493
6188
36096
87801
74092
16511
13629
71594
63149
22194
72372
10019
73613
25225
3755
46398
58031
6250
89087
81360
41966
16185
22992
95406
89034
17757
26180
8804
87255
83813
61487
90229
11067
16589
13883
36405
83627
36634
42846
48135
85140
47852
16939
90235
12900
5718
48289
97413
12780
48931
62599
45143
4806
67999
37429
31522
18491
58777
56190
70308
57196
69538
71890
25856
93689
97484
7745
73328
69625
8660
5012
79914
20431
82364
27391
51597
31051
23691
87699
69831
15381
88786
91600
63622
19219
39411
73336
88641
9592
16559
78971
30328
27244
67775
91160
23429
54530
94590
55448
51354
85547
87898
21129
33754
4457
2136
25878
89765
31958
59941
42469
72109
64361
9626
68326
36813
63736
80908
31137
19944
69514
62677
46952
84003
97146
55333
70346
82011
5341
18213
42461
39584
70474
21437
59436
12167
79092
80990
91363
91872
66572
91457
98550
77760
5760
63607
30959
85596
4327
44449
31086
6033
12436
93204
93242
82056
58842
43129
10216
77725
80403
56753
89470
65035
63826
3392
1989
85982
73123
25049
51126
31822
49016
50298
43921
85779
2224
69461
37775
80122
32864
85045
46429
25738
74604
79173
65499
10815
41653
70139
60620
82437
98830
20642
66237
57079
28624
7067
42927
89183
20619
33895
49631
97519
68572
24911
39477
20367
929
85319
92228
56869
35871
49582
84174
35411
92342
25303
16248
45435
39103
83968
1498
18417
19341
99024
34875
93654
62262
73715
15372
50517
53476
80826
93851
95259
53928
99934
20834
75526
35444
54521
85581
82651
72729
25300
26295
43584
24900
22326
36315
73952
48172
16522
93612
51778
68666
59593
27552
90845
86355
43439
94752
16198
42747
66253
34115
56417
25686
43204
44780
24180
54504
12435
82318
57892
74667
41563
78031
77014
95058
39794
78676
83499
66430
20897
2308
32611
20439
16138
85640
31155
99679
36136
91721
64509
48885
25419
47209
52803
52769
38108
18895
83847
59304
98651
36582
42804
50083
22251
4497
71116
3460
95187
87968
80374
77130
16463
53512
51936
50668
46899
34210
40487
79316
60899
10137
87693
11707
5437
26075
24976
53145
72898
79016
65397
37812
20488
17357
11116
31139
91901
31367
44420
61085
48190
12691
76332
65065
78768
5428
7665
64880
73046
91795
38301
57252
48008
26026
17726
70714
83287
432
67327
97828
24552
33306
12030
59545
29166
62730
74682
63633
35225
70459
37402
43747
93877
23333
2345
6734
30767
13972
7235
29882
71068
19889
42557
96755
19908
13186
61646
37098
72662
59423
82377
40642
18603
8070
61385
32456
23227
27413
84996
93428
85251
87706
18221
81732
45250
44511
22962
80729
85794
63539
62045
23145
14087
86790
62825
78064
57597
12137
70012
43345
71784
73988
26391
69533
90215
48331
43857
35042
84551
8115
55146
64539
23612
6893
76075
21243
82582
86341
9774
76534
17288
6815
6943
42576
48066
74615
42455
5246
66077
25680
77117
46007
52168
26983
71346
72460
76686
47717
86215
89312
8072
63400
78952
68156
91930
94525
81927
27339
68596
82211
22847
7026
2159
44620
52042
3249
89232
42294
22827
209
92866
89458
40119
61717
965
25873
88411
50877
46424
70346
42055
27765
28695
63018
50594
41852
63149
34361
55368
39796
69188
28963
54000
10708
70074
13230
4547
39669
68624
84436
31370
4168
32123
38790
35633
3922
33868
43066
92705
29621
94817
39860
12764
36322
41170
93435
51156
80473
34499
22923
69297
46809
48878
5024
47040
684
36745
25348
84763
53466
82337
38107
16587
72761
52180
34871
10418
95197
90764
61878
30152
64234
8239
82733
63885
60417
36659
91774
31791
16367
95791
85530
25928
41253
45081
82228
54115
82048
63972
5302
7670
7621
10928
18864
25294
2233
5516
72549
30292
71198
59342
18579
31522
77165
10216
30865
32362
66105
83013
81154
55735
40225
26438
31131
8113
33123
55972
2454
3234
71025
89810
61488
41517
62769
6370
74131
19198
27229
87750
31612
81334
81837
44732
16513
96297
90086
78601
68713
54883
77151
57693
98298
73722
79294
76585
66680
99977
14328
47393
49594
52931
40759
44815
24589
49773
84994
35980
45013
77620
21137
37672
22838
28861
42536
94442
81014
48703
12477
22841
84199
25349
25172
41005
96813
24422
61902
37439
11650
28793
83441
67780
58558
33605
87738
1980
75091
86113
53042
43459
23170
78586
93400
39323
96
16790
74102
19676
71978
89140
92347
86046
67312
88908
38725
22579
5722
49289
163
97691
17273
55027
34246
5217
91999
76338
93173
94859
8686
19712
18564
75556
59476
52398
71294
74112
92370
85828
10173
75250
19773
2848
60761
37454
77521
65015
10537
71021
51071
37297
52023
26462
6595
36387
8708
35572
96265
89954
10311
36488
6511
36352
19059
15518
55989
56015
8944
40892
78169
80434
50639
1162
71875
58077
10789
90857
51241
25641
44419
81269
27766
92043
35791
31410
23552
48896
2708
77316
77945
34068
59514
16903
49167
32803
89856
40376
71119
15061
13279
98874
61203
25789
48527
37014
76578
5051
83887
26274
40385
6559
58771
74294
27356
44288
317
3146
83386
33362
68283
12488
1949
38477
59728
66250
21191
25311
72906
28127
50586
98406
48291
42309
25309
95758
56386
57832
209
53058
86215
40099
14986
40268
21795
56848
57007
28980
13733
33654
58614
22366
95976
76187
95244
59162
83008
73986
70325
24019
98068
60783
66930
39314
1841
88126
21721
35089
56072
40371
30726
96256
3867
72633
31051
53354
36952
79141
89748
43662
87700
99731
98867
45803
65103
51309
65671
31733
29292
16944
46407
33342
66602
10690
54874
53921
96128
55898
39242
75270
91915
96707
47833
88605
44761
93699
54235
32709
48572
82848
63180
13079
48381
73618
13987
80747
97246
76218
95616
23216
49739
21958
7945
60311
10178
88517
51579
30601
97405
84568
50842
3193
49992
72096
38662
77186
64850
21710
5682
6838
3434
50512
78072
15310
73648
52773
91442
78465
39338
68675
1381
26921
8786
72555
89393
56940
33568
35499
22486
43136
66083
11470
60072
76740
53679
59489
30889
84300
77240
87540
69043
80466
90376
46700
58526
56124
30777
52013
59953
60354
61552
49730
62097
19110
14868
34490
98616
20918
97846
90933
46768
41153
53980
59181
3581
19699
68917
64361
5962
30536
477
5150
96293
59926
35143
15258
48092
47066
35895
76762
61409
30779
5035
47820
8671
78857
97371
52627
84309
30450
42455
39135
4800
87554
52853
87459
87235
79958
90321
40714
41654
55731
24762
63080
59219
90238
62213
20244
20580
94186
870
57321
94594
96950
28132
53270
88460
24726
92022
94494
22426
2717
49168
58496
71314
66081
96015
18973
3340
54998
28716
69766
70235
18622
62743
60539
81873
42161
65830
97982
18193
72707
82784
81477
97675
30746
9135
60318
85247
37112
40720
93868
31978
87776
94012
26169
6224
12260
55102
14583
78872
34159
34826
56711
99724
26587
70425
2478
94356
39710
20453
19179
76530
27833
43140
72707
3762
66880
52605
53961
38632
6744
74382
84606
87294
71546
22543
20850
51325
38168
92313
54284
70939
32484
21584
48608
69343
10327
18715
36336
42180
11078
38157
60589
43039
65884
24512
95851
79183
28488
35279
77751
27320
53750
6862
28754
45331
1475
53850
6756
14706
92399
22729
91279
74706
23271
79651
65986
4760
30594
92772
90191
27097
77496
35650
83106
33479
33166
26868
4435
36556
83948
19358
61813
54782
26311
26824
67900
84565
95382
39744
26173
34899
43802
12499
91489
48374
63149
6771
15548
51064
98822
82444
62415
80874
89743
32343
88552
80698
21548
50985
19688
10207
5077
4142
88752
52818
55393
75667
114
97763
12066
5646
42744
92919
58757
57665
9737
98949
34551
26281
5175
5769
41885
47619
87573
4434
83050
81094
61142
23008
9274
33998
30637
21172
9918
79636
63687
19984
28490
38851
62560
17835
7562
92068
38053
59529
70514
17399
98082
2585
18808
46594
1393
90169
50988
12320
91912
38246
66570
79895
24512
13016
66854
72580
17965
42040
29954
78882
35422
29757
14215
44435
98103
27661
45331
14773
33151
46206
58300
5747
18217
86702
30666
78402
40888
80919
65545
73177
157
62758
91187
26093
23699
51371
61467
67479
23608
70336
68524
47378
93665
40252
2011
96851
53264
72752
10029
72583
39056
28904
11085
16585
74365
2484
80774
1729
28539
8541
13822
91112
47424
86912
11164
64475
27363
72852
7927
66647
61918
13452
1526
84704
38990
54868
11872
97221
28289
56532
45384
65278
