40325
31539
22293
97324
58305
31241
31963
73861
1710
84086
71187
6012
31541
72132
17492
25764
46560
49502
82624
53152
22915
14711
79444
52451
55305
26985
56001
71073
57153
44644
22606
30447
44765
74935
36008
66070
11253
85869
12785
75175
97145
97278
84817
56041
53164
12199
1173
78779
53855
85157
4207
82683
76321
68399
96277
27980
69449
35498
20612
16605
79998
88772
40224
52803
95993
25354
99903
48790
97185
15106
76639
78902
33236
39971
830
61589
64229
46119
63891
92038
72425
93896
99647
7671
46173
46089
91797
77287
48582
55114
25213
93493
10935
1198
43492
50933
59404
81013
76495
84780
98531
41071
335
46651
68294
4796
27208
15952
21341
36033
90065
18253
68775
21180
68103
84222
96548
25055
46471
96897
66609
40980
35172
72865
63060
55579
17351
9574
59777
40330
30230
72532
76158
95843
48725
29843
63773
97850
48624
36044
88086
54872
28037
86185
80903
71873
50454
65516
61806
96466
47053
17169
17119
89443
63116
42232
33335
85135
24379
84465
56891
1085
99814
33906
12172
59323
79499
15406
40689
15359
14258
83367
76595
22837
3974
96532
95980
16000
39516
17754
54628
6557
66185
37417
82322
90494
1974
3444
28525
66051
31178
48726
68280
48205
35583
89502
98162
81802
98842
60110
16436
59518
78766
67196
13047
38824
72234
21335
11461
93351
83326
18812
79291
97781
93898
68113
65075
23321
20973
59827
94471
99914
53747
37198
25178
86960
25419
6167
14663
12384
79
73731
91123
6830
32614
88587
37161
97546
71326
55571
44687
28475
15421
8581
16013
51831
76877
29984
28341
34144
69037
43168
45033
61019
59624
82769
97762
56388
37663
44361
58901
55407
75889
78867
2853
12590
61383
9601
21660
20186
42000
61011
94951
47101
87800
11821
21497
2005
28169
13785
87276
36598
63312
47289
70960
1615
79060
71544
99956
61517
62268
74334
34401
96072
70255
90310
80601
60166
84169
17803
76741
90844
17131
78585
98469
27019
49481
53438
231
91070
91542
43585
43852
30496
87299
42844
6096
44543
49270
99849
41138
60386
45163
40478
89998
82847
43788
19913
88605
37642
77055
42888
4266
99367
89438
54015
30156
36436
99352
40058
5856
18027
65056
94804
32976
59589
77706
49650
96569
80885
6061
24885
57405
55731
45912
50492
11141
79941
65352
13512
43893
28014
76124
71374
39011
8558
26365
94770
39731
38068
37924
91775
1594
67120
82103
41408
72384
43154
31575
95512
1673
71780
95814
15368
98924
62211
55051
45582
14245
66037
9422
32246
46439
71520
70177
13962
1533
63050
46652
7307
28615
37715
60111
55098
11970
53119
8242
93038
85029
46032
4704
45300
2237
46073
74575
74483
93546
16249
78709
40021
71164
16448
45462
80914
54815
30345
26125
93706
76698
34120
15130
800
60847
3696
46007
13591
77238
16029
73894
51866
1814
63795
65909
11513
25698
36961
6070
13170
33765
2824
61509
10730
31871
40486
57005
20035
78665
67650
90986
56599
62212
7673
336
1471
97542
9322
84186
31910
54203
27807
74136
23352
49142
70662
7467
37470
37014
39259
53942
28411
94379
55268
73263
63841
67628
2428
91197
22571
66594
55639
33863
43441
38754
77010
94936
85597
55524
19607
60440
75638
15089
61948
39207
97607
89578
34368
7095
32278
8898
77986
13834
46809
32098
43804
86785
72114
74164
64634
28806
22281
85762
3641
64944
12333
9891
73815
77563
2508
51634
84917
75636
61793
57730
23061
63825
80236
57388
38951
75600
65460
51887
99835
34585
16553
48941
76981
50529
42487
61609
39230
842
84527
28078
88839
79668
23463
89500
71102
94079
29122
74297
24093
46937
66757
22651
4684
38562
89706
21122
65061
74942
55449
65621
47264
85622
51854
10274
76959
29355
58952
57640
86542
95915
26565
21715
48349
95446
90698
542
60954
6258
39402
23252
39809
78429
78579
2690
73033
18456
64678
33743
75290
40036
5784
26847
5926
11306
88707
85187
84257
8762
69871
16583
77727
57835
88697
97676
91344
21395
56412
89076
290
75223
79136
36645
44711
77590
25730
78972
72565
19718
44843
38383
41557
17769
67069
82825
28319
55844
9962
32781
86051
74743
36985
72162
18853
68447
27196
4863
58147
85026
20357
78934
75825
63389
99964
38098
74535
41986
56697
41307
15799
25950
12756
60723
80848
41061
94940
84718
93101
59285
81088
35367
97407
42752
45993
82387
47855
9199
23172
57759
24326
46269
56258
85900
5877
88503
14927
78589
97039
35711
47639
13179
840
37726
26845
12208
75180
43878
20302
18583
99843
78187
37505
72457
36169
88861
58842
94210
47879
47746
8821
4601
87405
97634
92157
55163
89684
80722
30850
70735
86599
57205
42764
94831
29237
40751
31939
13326
42015
83935
26440
61234
23292
56664
64176
7159
62861
19423
58748
49335
61709
33961
66539
16983
10910
63748
16948
72371
21468
27135
9866
92764
29879
82152
67231
88975
58981
49652
44603
56377
19877
59428
14219
59591
45240
71268
86547
64521
11883
39630
57531
65555
69912
44431
57475
82600
18410
85414
92638
47030
64961
84495
97573
20106
45960
59211
83219
56098
9425
17883
33533
68200
26122
14816
91575
37249
62086
4746
27019
12016
26161
10008
92225
39976
23366
69031
82253
37742
51516
28141
64672
20181
98708
76737
97116
6910
26273
79187
29510
13084
12611
62135
71164
41825
15531
50838
74168
44778
27712
51217
66513
71603
83965
38787
67658
34458
67093
24583
98235
46043
8994
10310
59358
85718
38470
58080
75662
8988
49235
63035
33081
37967
27311
84634
43592
68138
67042
81123
26426
16404
56002
37226
21436
25446
27828
88761
74028
61022
35633
95493
36720
9515
25810
70749
11154
77091
45236
10066
15570
20978
92743
67235
85053
28883
71887
98455
48851
30072
20781
28901
8698
21277
6676
80959
97389
49753
81314
21934
9788
65411
94549
82896
31075
52892
2776
69279
94553
8868
93107
38272
64875
35661
87334
75705
74461
98515
57967
66961
437
86799
89518
5470
40375
47282
7264
15236
10489
95220
12555
84550
23415
19341
88409
94271
88133
56307
18155
52778
76703
43839
70428
99558
65914
33984
29987
34977
30794
1542
2938
39559
55437
83234
13873
95545
71391
1260
6446
5874
26013
4877
24536
93860
47927
15
64030
43951
50293
41079
87459
79493
82128
57919
36519
21986
44335
41195
48042
79144
68185
18114
84702
69476
26848
48741
27292
66019
8174
57914
68615
8385
58853
82260
17747
77976
49247
1881
59670
15838
5014
